5.000000000000000888e+00 2.047967373052493629e-23
5.034693157380139006e+00 1.953148311827007500e-23
5.069627037794075974e+00 1.864619419947212182e-23
5.104803311530234922e+00 1.781885641436931749e-23
5.140223660466546995e+00 1.704490228683853361e-23
5.175889778150882137e+00 1.632012065722409241e-23
5.211803369882009207e+00 1.564063174467485815e-23
5.247966152791137873e+00 1.500286384467975230e-23
5.284379855924021818e+00 1.440353152174109960e-23
5.321046220323622400e+00 1.383961515460796486e-23
5.357966999113356721e+00 1.330834172688950981e-23
5.395143957580921246e+00 1.280716678129492171e-23
5.432578873262690955e+00 1.233375745211896717e-23
5.470273536028714467e+00 1.188597651367694602e-23
5.508229748168283813e+00 1.146186739862662454e-23
5.546449324476114384e+00 1.105964013231836853e-23
5.584934092339116418e+00 1.067765815553838281e-23
5.623685891823758887e+00 1.031442597261156017e-23
5.662706575764059558e+00 9.968577627540786045e-24
5.701998009850164806e+00 9.638865947684250863e-24
5.741562072717556475e+00 9.324152528398298775e-24
5.781400656036880470e+00 9.023398432557671273e-24
5.821515664604382856e+00 8.735655570725849136e-24
5.861909016432995223e+00 8.460058721494251689e-24
5.902582642844026672e+00 8.191586358582182732e-24
5.943538488559517496e+00 7.929845235839507220e-24
5.984778511795218137e+00 7.678584247567606608e-24
6.026304684354212071e+00 7.437183974471919059e-24
6.068118991721204836e+00 7.205076187451596322e-24
6.110223433157442763e+00 6.981739204333729197e-24
6.152620021796308514e+00 6.766693633968204400e-24
6.195310784739581855e+00 6.559498502775589105e-24
6.238297763154347919e+00 6.359747712149817114e-24
6.281583012370603569e+00 6.167066818326602502e-24
6.325168601979518357e+00 5.981110099321571678e-24
6.369056615932393584e+00 5.801557891301208920e-24
6.413249152640303485e+00 5.628114164980819014e-24
6.457748325074419427e+00 5.460504337165416841e-24
6.502556260867045523e+00 5.298473277079099102e-24
6.547675102413337278e+00 5.141783506414071860e-24
6.593107006973743189e+00 4.990213572700951039e-24
6.638854146777149801e+00 4.843556568795108254e-24
6.684918709124731961e+00 4.701196500736862510e-24
6.731302896494550936e+00 4.563375055093770679e-24
6.778008926646843513e+00 4.429932303489890367e-24
6.825039032730071398e+00 4.300707308637130404e-24
6.872395463387687364e+00 4.175548201757564936e-24
6.920080482865659022e+00 4.054311389778308254e-24
6.968096371120712895e+00 3.936860847178389845e-24
7.016445423929364544e+00 3.823067471246022097e-24
7.065129952997670770e+00 3.712808503440057313e-24
7.114152286071764308e+00 3.605967014501940951e-24
7.163514767049155907e+00 3.502431436565354299e-24
7.213219756090789581e+00 3.402095141818709400e-24
7.263269629733905219e+00 3.304856073101947563e-24
7.313666781005652595e+00 3.210616399137309371e-24
7.364413619537513611e+00 3.119282215159582806e-24
7.415512571680523024e+00 3.030763268874454126e-24
7.466966080621261881e+00 2.944972716163029447e-24
7.518776606498691173e+00 2.861826902157636065e-24
7.570946626521762646e+00 2.781245160768727155e-24
7.623478635087869826e+00 2.703149640016722242e-24
7.676375143902114395e+00 2.627465141840955812e-24
7.729638682097387914e+00 2.554118972450966201e-24
7.783271796355308858e+00 2.483040818912311646e-24
7.837277051027977670e+00 2.414162627261367636e-24
7.891657028260587126e+00 2.347418494718823876e-24
7.946414328114890679e+00 2.282744575690809432e-24
8.001551568693503924e+00 2.220078991450074847e-24
8.057071386265098667e+00 2.159361748885636742e-24
8.112976435390438112e+00 2.100534668046577031e-24
8.169269389049306440e+00 2.043541311983996782e-24
8.225952938768314127e+00 1.988326925748044070e-24
8.283029794749570129e+00 1.934838376919045720e-24
8.340502686000293764e+00 1.883024100238794194e-24
8.398374360463268573e+00 1.832834050071831010e-24
8.456647585148241220e+00 1.784219649471498392e-24
8.515325146264222766e+00 1.737133746188137301e-24
8.574409849352699453e+00 1.691530570567820169e-24
8.633904519421777835e+00 1.647365694023922052e-24
8.693812001081255403e+00 1.604595990961593852e-24
8.754135158678622020e+00 1.563179600909363146e-24
8.814876876436029463e+00 1.523075892855336471e-24
8.876040058588174020e+00 1.484245432150476297e-24
8.937627629521175621e+00 1.446649943127859913e-24
8.999642533912386000e+00 1.410252280421392727e-24
9.062087736871186294e+00 1.375016395916562535e-24
9.124966224080763411e+00 1.340907307184974757e-24
9.188281001940856285e+00 1.307891068235374146e-24
9.252035097711509337e+00 1.275934739205111526e-24
9.316231559657802919e+00 1.245006358512721740e-24
9.380873457195605170e+00 1.215074913583251442e-24
9.445963881038332843e+00 1.186110313848251661e-24
9.511505943344722880e+00 1.158083362566578347e-24
9.577502777867637818e+00 1.130965730736583064e-24
9.643957540103892612e+00 1.104729932136649130e-24
9.710873407445131278e+00 1.079349295603369675e-24
9.778253579329746259e+00 1.054797941206682136e-24
9.846101277395861828e+00 1.031050756116391404e-24
9.914419745635354886e+00 1.008083368503134546e-24
9.983212250548969990e+00 9.858721274028476628e-25
1.005248208130249488e+01 9.648805025560244798e-25
1.012223254988401777e+01 9.447189905354229242e-25
1.019246699126231981e+01 9.252063401576498228e-25
1.026318876354625864e+01 9.063232603975485587e-25
1.033440124814541505e+01 8.880510133951660288e-25
1.040610784993169524e+01 8.703713955024334610e-25
1.047831199740216412e+01 8.532667216092334740e-25
1.055101714284298176e+01 8.367198073587346024e-25
1.062422676249441267e+01 8.207139527005094747e-25
1.069794435671711241e+01 8.052329261496503980e-25
1.077217345015942129e+01 7.902609507659833467e-25
1.084691759192592109e+01 7.757826880354069377e-25
1.092218035574714108e+01 7.617832238137820801e-25
1.099796534015037253e+01 7.482480554818091073e-25
1.107427616863180120e+01 7.351630788458376029e-25
1.115111648982969150e+01 7.225145741896850731e-25
1.122848997769887447e+01 7.102891964069830468e-25
1.130640033168639569e+01 6.984739613205847318e-25
1.138485127690839782e+01 6.870562360201386528e-25
1.146384656432824833e+01 6.760237281718971819e-25
1.154338997093584673e+01 6.653644753901444819e-25
1.162348529992824453e+01 6.550668365467952403e-25
1.170413638089146957e+01 6.451194814925667121e-25
1.178534706998363824e+01 6.355113837891292175e-25
1.186712125011933594e+01 6.262318113081057745e-25
1.194946283115524999e+01 6.172703192791082344e-25
1.203237575007712579e+01 6.086167419806353418e-25
1.211586397118800207e+01 6.002611867789657516e-25
1.219993148629774993e+01 5.921940262769679846e-25
1.228458231491395480e+01 5.844058924107849719e-25
1.236982050443406855e+01 5.768876709152952360e-25
1.245565013033894708e+01 5.696304944133245733e-25
1.254207529638770424e+01 5.626257378478201064e-25
1.262910013481392113e+01 5.558650124710783890e-25
1.271672880652324622e+01 5.493401613163499476e-25
1.280496550129229583e+01 5.430432536847813372e-25
1.289381443796900939e+01 5.369665813142392689e-25
1.298327986467436013e+01 5.311026530019355714e-25
1.307336605900545834e+01 5.254441906789721713e-25
1.316407732824010424e+01 5.199841247693327256e-25
1.325541800954269256e+01 5.147155904807360117e-25
1.334739247017160935e+01 5.096319234947541241e-25
1.344000510768803558e+01 5.047266555855439092e-25
1.353326035016620388e+01 4.999935116480231263e-25
1.362716265640514379e+01 4.954264046604571904e-25
1.372171651614182508e+01 4.910194329624467093e-25
1.381692645026585531e+01 4.867668756128115790e-25
1.391279701103562694e+01 4.826631893504432772e-25
1.400933278229597434e+01 4.787030040219996399e-25
1.410653837969735847e+01 4.748811199076643046e-25
1.420441845091651878e+01 4.711925031218642591e-25
1.430297767587871505e+01 4.676322824568556451e-25
1.440222076698148790e+01 4.641957455097829390e-25
1.450215246931995594e+01 4.608783352889579769e-25
1.460277756091373114e+01 4.576756463130950004e-25
1.470410085293531743e+01 4.545834209923087603e-25
1.480612718994017740e+01 4.515975461426457476e-25
1.490886145009836561e+01 4.487140492887315579e-25
1.501230854542774473e+01 4.459290951796425532e-25
1.511647342202888744e+01 4.432389820868088207e-25
1.522136106032151126e+01 4.406401385324842740e-25
1.532697647528264007e+01 4.381291192540323765e-25
1.543332471668636963e+01 4.357026022162001593e-25
1.554041086934531712e+01 4.333573848778645191e-25
1.564824005335375823e+01 4.310903808613894631e-25
1.575681742433239485e+01 4.288986164451687079e-25
1.586614817367488683e+01 4.267792273280510307e-25
1.597623752879606585e+01 4.247294552907367541e-25
1.608709075338185457e+01 4.227466447480020300e-25
1.619871314764099068e+01 4.208282398533286027e-25
1.631111004855834778e+01 4.189717810426397374e-25
1.642428683015022273e+01 4.171749020571740756e-25
1.653824890372121104e+01 4.154353269028767336e-25
1.665300171812294039e+01 4.137508666720195254e-25
1.676855076001465861e+01 4.121194168610957513e-25
1.688490155412545590e+01 4.105389543090687459e-25
1.700205966351853704e+01 4.090075344626823967e-25
1.712003068985712417e+01 4.075232885385281325e-25
1.723882027367231728e+01 4.060844210094866840e-25
1.735843409463281262e+01 4.046892068042976585e-25
1.747887787181637265e+01 4.033359888817902953e-25
1.760015736398340280e+01 4.020231757234447315e-25
1.772227836985217664e+01 4.007492388358456948e-25
1.784524672837614645e+01 3.995127105103277490e-25
1.796906831902314394e+01 3.983121815414545891e-25
1.809374906205639988e+01 3.971462989521256908e-25
1.821929491881772734e+01 3.960137638873030788e-25
1.834571189201246710e+01 3.949133295644855446e-25
1.847300602599650787e+01 3.938437991881715940e-25
1.860118340706534568e+01 3.928040241108428462e-25
1.873025016374496232e+01 3.917929018092013219e-25
1.886021246708499532e+01 3.908093742529716567e-25
1.899107653095367709e+01 3.898524259962532196e-25
1.912284861233499456e+01 3.889210825109455484e-25
1.925553501162785963e+01 3.880144086274597769e-25
1.938914207294728342e+01 3.871315068511938551e-25
1.952367618442780639e+01 3.862715159115407553e-25
1.965914377852884698e+01 3.854336093168540019e-25
1.979555133234229203e+01 3.846169938524202751e-25
1.993290536790221168e+01 3.838209083093645380e-25
2.007121245249660646e+01 3.830446221236134078e-25
2.021047919898153822e+01 3.822874341653769506e-25
2.035071226609719020e+01 3.815486714641709119e-25
2.049191835878630386e+01 3.808276881365036329e-25
2.063410422851477577e+01 3.801238641722325911e-25
2.077727667359437191e+01 3.794366044411676247e-25
2.092144253950791111e+01 3.787653376153984206e-25
2.106660871923644152e+01 3.781095152023088001e-25
2.121278215358888275e+01 3.774686105976145418e-25
2.135996983153390261e+01 3.768421181375589799e-25
2.150817879053397164e+01 3.762295522690257474e-25
2.165741611688200052e+01 3.756304467076562890e-25
2.180768894604002384e+01 3.750443535826875004e-25
2.195900446298042752e+01 3.744708427570388630e-25
2.211136990252950341e+01 3.739095009989675179e-25
2.226479254971327393e+01 3.733599313131160124e-25
2.241927974010593871e+01 3.728217522709285854e-25
2.257483886018050612e+01 3.722945973619378040e-25
2.273147734766199335e+01 3.717781143159662556e-25
2.288920269188310286e+01 3.712719645936476434e-25
2.304802243414216534e+01 3.707758227523001600e-25
2.320794416806389648e+01 3.702893759063427595e-25
2.336897553996231380e+01 3.698123232389615596e-25
2.353112424920640322e+01 3.693443754496851694e-25
2.369439804858827614e+01 3.688852543244646659e-25
2.385880474469372459e+01 3.684346922214557488e-25
2.402435219827565405e+01 3.679924316903931183e-25
2.419104832462978294e+01 3.675582249930275807e-25
2.435890109397316294e+01 3.671318337490405634e-25
2.452791853182525017e+01 3.667130285290129410e-25
2.469810871939160180e+01 3.663015884678735908e-25
2.486947979395032249e+01 3.658973009409551894e-25
2.504203994924105814e+01 3.654999612107122433e-25
2.521579743585680333e+01 3.651093721041637858e-25
2.539076056163837691e+01 3.647253437006130627e-25
2.556693769207162603e+01 3.643476930404323072e-25
2.574433725068747236e+01 3.639762438374473735e-25
2.592296771946456246e+01 3.636108262153386848e-25
2.610283763923488465e+01 3.632512764280451727e-25
2.628395561009211789e+01 3.628974366337267692e-25
2.646633029180280161e+01 3.625491546389413416e-25
2.664997040422045060e+01 3.622062836896523581e-25
2.683488472770237721e+01 3.618686822212831566e-25
2.702108210352958650e+01 3.615362136864021460e-25
2.720857143432946046e+01 3.612087463327443360e-25
2.739736168450142983e+01 3.608861530184074617e-25
2.758746188064564109e+01 3.605683110225940416e-25
2.777888111199438370e+01 3.602551018814392645e-25
2.797162853084689971e+01 3.599464112068139082e-25
2.816571335300678314e+01 3.596421285354664915e-25
2.836114485822271192e+01 3.593421471679767363e-25
2.855793239063217115e+01 3.590463640343734674e-25
2.875608535920806474e+01 3.587546795316595738e-25
2.895561323820880162e+01 3.584669974038523508e-25
2.915652556763112102e+01 3.581832246110161189e-25
2.935883195366627163e+01 3.579032712015339714e-25
2.956254206915940230e+01 3.576270501936682238e-25
2.976766565407184473e+01 3.573544774616955110e-25
2.997421251594705538e+01 3.570854716287353601e-25
3.018219253037934635e+01 3.568199539591547586e-25
3.039161564148614758e+01 3.565578482600352793e-25
3.060249186238350916e+01 3.562990807890202926e-25
3.081483127566470870e+01 3.560435801487146611e-25
3.102864403388251446e+01 3.557912772177152256e-25
3.124394036003446828e+01 3.555421050496531058e-25
3.146073054805171409e+01 3.552959988012389358e-25
3.167902496329126549e+01 3.550528956516810732e-25
3.189883404303140679e+01 3.548127347215966472e-25
3.212016829697096654e+01 3.545754570182361846e-25
3.234303830773163213e+01 3.543410053483769994e-25
3.256745473136400904e+01 3.541093242631480128e-25
3.279342829785717583e+01 3.538803599907532731e-25
3.302096981165151846e+01 3.536540603810413821e-25
3.325009015215560737e+01 3.534303748364058040e-25
3.348080027426610883e+01 3.532092542689408517e-25
3.371311120889170354e+01 3.529906510383289788e-25
3.394703406348055807e+01 3.527745189036316434e-25
3.418258002255118555e+01 3.525608129716621019e-25
3.441976034822749142e+01 3.523494896526285887e-25
3.465858638077703091e+01 3.521405066121617026e-25
3.489906953915329524e+01 3.519338227281677955e-25
3.514122132154175659e+01 3.517293980486557243e-25
3.538505330590944453e+01 3.515271937532203551e-25
3.563057715055874297e+01 3.513271721109775442e-25
3.587780459468464045e+01 3.511292964456075987e-25
3.612674745893606598e+01 3.509335310999098980e-25
3.637741764598116134e+01 3.507398413987681631e-25
3.662982714107614868e+01 3.505481936188613656e-25
3.688398801263866744e+01 3.503585549555567555e-25
3.713991241282458589e+01 3.501708934918954991e-25
3.739761257810909711e+01 3.499851781713104192e-25
3.765710082987187235e+01 3.498013787659888963e-25
3.791838957498595164e+01 3.496194658529777776e-25
3.818149130641122468e+01 3.494394107864340881e-25
3.844641860379156384e+01 3.492611856712607125e-25
3.871318413405634118e+01 3.490847633424800051e-25
3.898180065202618039e+01 3.489101173378848576e-25
3.925228100102253848e+01 3.487372218785489570e-25
3.952463811348211919e+01 3.485660518461246374e-25
3.979888501157492442e+01 3.483965827615711620e-25
4.007503480782702354e+01 3.482287907662443251e-25
4.035310070574752928e+01 3.480626526019526748e-25
4.063309600045972303e+01 3.478981455929361290e-25
4.091503407933696224e+01 3.477352476275266560e-25
4.119892842264259514e+01 3.475739371410113579e-25
4.148479260417452963e+01 3.474141930995876156e-25
4.177264029191434958e+01 3.472559949836206049e-25
4.206248524868058780e+01 3.470993227735431507e-25
4.235434133278702973e+01 3.469441569332728072e-25
4.264822249870512394e+01 3.467904783976963790e-25
4.294414279773126708e+01 3.466382685579406555e-25
4.324211637865862912e+01 3.464875092480522687e-25
4.354215748845361134e+01 3.463381827330861707e-25
4.384428047293715025e+01 3.461902716958297565e-25
4.414849977747045529e+01 3.460437592255230770e-25
4.445482994764580553e+01 3.458986288063753615e-25
4.476328562998200056e+01 3.457548643062209923e-25
4.507388157262457895e+01 3.456124499663455548e-25
4.538663262605113857e+01 3.454713703905491024e-25
4.570155374378115454e+01 3.453316105361893491e-25
4.601865998309111916e+01 3.451931557036809229e-25
4.633796650573440701e+01 3.450559915282016104e-25
4.665948857866618482e+01 3.449201039697152572e-25
4.698324157477347285e+01 3.447854793056156518e-25
4.730924097361000236e+01 3.446521041216334809e-25
4.763750236213646616e+01 3.445199653039119816e-25
4.796804143546572874e+01 3.443890500319665567e-25
4.830087399761322331e+01 3.442593457703377552e-25
4.863601596225270640e+01 3.441308402619525753e-25
4.897348335347697201e+01 3.440035215212401091e-25
4.931329230656412221e+01 3.438773778273021953e-25
4.965545906874899629e+01 3.437523977172780753e-25
4.999999999999999289e+01 3.436285699805972818e-25
5.034693157380139894e+01 3.435058836523487488e-25
5.069627037794075619e+01 3.433843280081223658e-25
5.104803311530231724e+01 3.432638925578434638e-25
5.140223660466548239e+01 3.431445670407594701e-25
5.175889778150880716e+01 3.430263414200857148e-25
5.211803369882010628e+01 3.429092058776647376e-25
5.247966152791137517e+01 3.427931508096481828e-25
5.284379855924019154e+01 3.426781668213450578e-25
5.321046220323622578e+01 3.425642447229201122e-25
5.357966999113354944e+01 3.424513755247825020e-25
5.395143957580922489e+01 3.423395504336751131e-25
5.432578873262691133e+01 3.422287608481042758e-25
5.470273536028711447e+01 3.421189983549955751e-25
5.508229748168283635e+01 3.420102547252193040e-25
5.546449324476112963e+01 3.419025219104969392e-25
5.584934092339118195e+01 3.417957920394768259e-25
5.623685891823758709e+01 3.416900574142543480e-25
5.662706575764056538e+01 3.415853105074680435e-25
5.701998009850164806e+01 3.414815439585935368e-25
5.741562072717555054e+01 3.413787505711805765e-25
5.781400656036881713e+01 3.412769233097407761e-25
5.821515664604383034e+01 3.411760552968837698e-25
5.861909016432991848e+01 3.410761398105415309e-25
5.902582642844026850e+01 3.409771702812687753e-25
5.943538488559515542e+01 3.408791402896787309e-25
5.984778511795219202e+01 3.407820435638677947e-25
6.026304684354212071e+01 3.406858739771272678e-25
6.068118991721201638e+01 3.405906255455278063e-25
6.110223433157442230e+01 3.404962924256881402e-25
6.152620021796307270e+01 3.404028689125706541e-25
6.195310784739583454e+01 3.403103494374834143e-25
6.238297763154347564e+01 3.402187285660553337e-25
6.281583012370606411e+01 3.401280009962162501e-25
6.325168601979518002e+01 3.400381615563918995e-25
6.369056615932391452e+01 3.399492052036850223e-25
6.413249152640305795e+01 3.398611270221924779e-25
6.457748325074419427e+01 3.397739222212369981e-25
6.502556260867048366e+01 3.396875861338771559e-25
6.547675102413337811e+01 3.396021142152962501e-25
6.593107006973741591e+01 3.395175020412786160e-25
6.638854146777151755e+01 3.394337453069400918e-25
6.684918709124731606e+01 3.393508398251594684e-25
6.731302896494554489e+01 3.392687815254300406e-25
6.778008926646843690e+01 3.391875664524586564e-25
6.825039032730067845e+01 3.391071907650927569e-25
6.872395463387690029e+01 3.390276507350559859e-25
6.920080482865657245e+01 3.389489427458829430e-25
6.968096371120716981e+01 3.388710632918152759e-25
7.016445423929364722e+01 3.387940089768521470e-25
7.065129952997666862e+01 3.387177765137341193e-25
7.114152286071765730e+01 3.386423627229937613e-25
7.163514767049153420e+01 3.385677645321297244e-25
7.213219756090792600e+01 3.384939789747249847e-25
7.263269629733905219e+01 3.384210031896548988e-25
7.313666781005647977e+01 3.383488344203036643e-25
7.364413619537515387e+01 3.382774700139023687e-25
7.415512571680521603e+01 3.382069074207706126e-25
7.466966080621266144e+01 3.381371441937215070e-25
7.518776606498691706e+01 3.380681779874342993e-25
7.570946626521758560e+01 3.380000065578755341e-25
7.623478635087872135e+01 3.379326277617439539e-25
7.676375143902112086e+01 3.378660395560261523e-25
7.729638682097392177e+01 3.378002399974521741e-25
7.783271796355309391e+01 3.377352272420907954e-25
7.837277051027973584e+01 3.376709995449541265e-25
7.891657028260588902e+01 3.376075552595953262e-25
7.946414328114889258e+01 3.375448928377606832e-25
8.001551568693507477e+01 3.374830108291209511e-25
8.057071386265099022e+01 3.374219078809476286e-25
8.112976435390434915e+01 3.373615827378527892e-25
8.169269389049308927e+01 3.373020342416096809e-25
8.225952938768311640e+01 3.372432613308987090e-25
8.283029794749575103e+01 3.371852630411773511e-25
8.340502686000294830e+01 3.371280385045220165e-25
8.398374360463265020e+01 3.370715869495110937e-25
8.456647585148242285e+01 3.370159077011597011e-25
8.515325146264220280e+01 3.369610001808268416e-25
8.574409849352703361e+01 3.369068639062032799e-25
8.633904519421778900e+01 3.368534984912845893e-25
8.693812001081251140e+01 3.368009036463997121e-25
8.754135158678624862e+01 3.367490791782585307e-25
8.814876876436026976e+01 3.366980249899833208e-25
8.876040058588178283e+01 3.366477410812425565e-25
8.937627629521176686e+01 3.365982275483379236e-25
8.999642533912381737e+01 3.365494845843431754e-25
9.062087736871187360e+01 3.365015124792867933e-25
9.124966224080760924e+01 3.364543116203070511e-25
9.188281001940860904e+01 3.364078824918997870e-25
9.252035097711508627e+01 3.363622256761158503e-25
9.316231559657798300e+01 3.363173418528352299e-25
9.380873457195606591e+01 3.362732318000504590e-25
9.445963881038331067e+01 3.362298963941581926e-25
9.511505943344727143e+01 3.361873366102936264e-25
9.577502777867637462e+01 3.361455535226660182e-25
9.643957540103887993e+01 3.361045483049511004e-25
9.710873407445130567e+01 3.360643222306618203e-25
9.778253579329744127e+01 3.360248766735906656e-25
9.846101277395865736e+01 3.359862131082189292e-25
9.914419745635355241e+01 3.359483331102141825e-25
9.983212250548965017e+01 3.359112383568845852e-25
1.005248208130249452e+02 3.358749306277067557e-25
1.012223254988401777e+02 3.358394118048572692e-25
1.019246699126232016e+02 3.358046838737577935e-25
1.026318876354625900e+02 3.357707489236615498e-25
1.033440124814540866e+02 3.357376091482560295e-25
1.040610784993169489e+02 3.357052668462887613e-25
1.047831199740216306e+02 3.356737244222134196e-25
1.055101714284298140e+02 3.356429843868727136e-25
1.062422676249441338e+02 3.356130493581879336e-25
1.069794435671710602e+02 3.355839220618989619e-25
1.077217345015942129e+02 3.355556053323059361e-25
1.084691759192592002e+02 3.355281021130449835e-25
1.092218035574714037e+02 3.355014154578991285e-25
1.099796534015037253e+02 3.354755485316272918e-25
1.107427616863179480e+02 3.354505046108251561e-25
1.115111648982969115e+02 3.354262870848141340e-25
1.122848997769886807e+02 3.354028994565601359e-25
1.130640033168639604e+02 3.353803453436162156e-25
1.138485127690839818e+02 3.353586284791215569e-25
1.146384656432825437e+02 3.353377527128130874e-25
1.154338997093584709e+02 3.353177220120639544e-25
1.162348529992823813e+02 3.352985404629744385e-25
1.170413638089146957e+02 3.352802122715176478e-25
1.178534706998363788e+02 3.352627417646809407e-25
1.186712125011934233e+02 3.352461333916962006e-25
1.194946283115525034e+02 3.352303917252706610e-25
1.203237575007711939e+02 3.352155214629228821e-25
1.211586397118800136e+02 3.352015274283057335e-25
1.219993148629774993e+02 3.351884145726508283e-25
1.228458231491396191e+02 3.351761879762084122e-25
1.236982050443406962e+02 3.351648528498157756e-25
1.245565013033894104e+02 3.351544145364926204e-25
1.254207529638770353e+02 3.351448785131238072e-25
1.262910013481392184e+02 3.351362503922334338e-25
1.271672880652325262e+02 3.351285359238858757e-25
1.280496550129229547e+02 3.351217409976022091e-25
1.289381443796900157e+02 3.351158716445045700e-25
1.298327986467436119e+02 3.351109340395033542e-25
1.307336605900545976e+02 3.351069345036823228e-25
1.316407732824011134e+02 3.351038795068329407e-25
1.325541800954269434e+02 3.351017756701594368e-25
1.334739247017160153e+02 3.351006297692515189e-25
1.344000510768803451e+02 3.351004487372142199e-25
1.353326035016620494e+02 3.351012396681940128e-25
1.362716265640515019e+02 3.351030098211095819e-25
1.372171651614182508e+02 3.351057666238611952e-25
1.381692645026584785e+02 3.351095176779042951e-25
1.391279701103562729e+02 3.351142707633897150e-25
1.400933278229597363e+02 3.351200338448714852e-25
1.410653837969736628e+02 3.351268150777551080e-25
1.420441845091651771e+02 3.351346228155693217e-25
1.430297767587870794e+02 3.351434656182807030e-25
1.440222076698148612e+02 3.351533522617811005e-25
1.450215246931995523e+02 3.351642917488652359e-25
1.460277756091373931e+02 3.351762933219867010e-25
1.470410085293531779e+02 3.351893664781563383e-25
1.480612718994017030e+02 3.352035209865094987e-25
1.490886145009836525e+02 3.352187669091496230e-25
1.501230854542774296e+02 3.352351146260341915e-25
1.511647342202889490e+02 3.352525748650171919e-25
1.522136106032151304e+02 3.352711587382498168e-25
1.532697647528263190e+02 3.352908777867612245e-25
1.543332471668637140e+02 3.353117440354777363e-25
1.554041086934531677e+02 3.353337700617323458e-25
1.564824005335376569e+02 3.353569690813286298e-25
1.575681742433239378e+02 3.353813550577682802e-25
1.586614817367487831e+02 3.354069428422446755e-25
1.597623752879606513e+02 3.354337483550681273e-25
1.608709075338185528e+02 3.354617888235450707e-25
1.619871314764099282e+02 3.354910830978142482e-25
1.631111004855834778e+02 3.355216520758726362e-25
1.642428683015021704e+02 3.355535192840960848e-25
1.653824890372121104e+02 3.355867116829930331e-25
1.665300171812293968e+02 3.356212608055747734e-25
1.676855076001465932e+02 3.356572043975979328e-25
1.688490155412545448e+02 3.356945888331882364e-25
1.700205966351852851e+02 3.357334727608591212e-25
1.712003068985712559e+02 3.357739327619885713e-25
1.723882027367231728e+02 3.358160724160003097e-25
1.735843409463281262e+02 3.358600373657570886e-25
1.747887787181637407e+02 3.359060414507815513e-25
1.760015736398339357e+02 3.359544143988008118e-25
1.772227836985217664e+02 3.360056943477910993e-25
1.784524672837614503e+02 3.360608213628683279e-25
1.796906831902314536e+02 3.361215825559591203e-25
1.809374906205640059e+02 3.361917716263446878e-25
1.821929491881772094e+02 3.362807738004019899e-25
1.834571189201246852e+02 3.364178614573740826e-25
1.847300602599650858e+02 3.367401420017785348e-25
1.860118340706534639e+02 3.390232481075866478e-25
1.873025016374496374e+02 3.451670837231938174e-25
1.886021246708498609e+02 3.369653579709602491e-25
1.899107653095367994e+02 3.366562307188839718e-25
1.912284861233499385e+02 3.366311870640731570e-25
1.925553501162786176e+02 3.366622692047358534e-25
1.938914207294728271e+02 3.367121312572482002e-25
1.952367618442779644e+02 3.367705550462584303e-25
1.965914377852884911e+02 3.368338820141893766e-25
1.979555133234229061e+02 3.369005633693607277e-25
1.993290536790221097e+02 3.369698652966183036e-25
2.007121245249660717e+02 3.370414121717965114e-25
2.021047919898154817e+02 3.371150017487713796e-25
2.035071226609719020e+02 3.371905222634936486e-25
2.049191835878630457e+02 3.372679121275966875e-25
2.063410422851477790e+02 3.373471390147288932e-25
2.077727667359437476e+02 3.374281884129741740e-25
2.092144253950791892e+02 3.375110570716782164e-25
2.106660871923644152e+02 3.375957491046145506e-25
2.121278215358888133e+02 3.376822735957987265e-25
2.135996983153390261e+02 3.377706430862734262e-25
2.150817879053397235e+02 3.378608725938524287e-25
2.165741611688201260e+02 3.379529789642365708e-25
2.180768894604002526e+02 3.380469804332679614e-25
2.195900446298042823e+02 3.381428963267463311e-25
2.211136990252950341e+02 3.382407468515280742e-25
2.226479254971327464e+02 3.383405529484070236e-25
2.241927974010595221e+02 3.384423361873759753e-25
2.257483886018050612e+02 3.385461186925011202e-25
2.273147734766199335e+02 3.386519230876682045e-25
2.288920269188310215e+02 3.387597724572709218e-25
2.304802243414216605e+02 3.388696903177369044e-25
2.320794416806390643e+02 3.389817005969584547e-25
2.336897553996231522e+02 3.390958276195477598e-25
2.353112424920640535e+02 3.392120960964863415e-25
2.369439804858827756e+02 3.393305311180087703e-25
2.385880474469372530e+02 3.394511581490008804e-25
2.402435219827566755e+02 3.395740030262991171e-25
2.419104832462978152e+02 3.396990919574302785e-25
2.435890109397315086e+02 3.398264515205207820e-25
2.452791853182525017e+02 3.399561086650682202e-25
2.469810871939160108e+02 3.400880907134511822e-25
2.486947979395033599e+02 3.402224253629504154e-25
2.504203994924105814e+02 3.403591406882628222e-25
2.521579743585679125e+02 3.404982651443669109e-25
2.539076056163837620e+02 3.406398275696613657e-25
2.556693769207162745e+02 3.407838571894051129e-25
2.574433725068748231e+02 3.409303836192998688e-25
2.592296771946456033e+02 3.410794368692971350e-25
2.610283763923487186e+02 3.412310473475320176e-25
2.628395561009211860e+02 3.413852458644041206e-25
2.646633029180280232e+02 3.415420636367779188e-25
2.664997040422045984e+02 3.417015322922762960e-25
2.683488472770237649e+02 3.418636838736846083e-25
2.702108210352957371e+02 3.420285508434695417e-25
2.720857143432946259e+02 3.421961660883510045e-25
2.739736168450143055e+02 3.423665629240279357e-25
2.758746188064563967e+02 3.425397750999211497e-25
2.777888111199438299e+02 3.427158368040873612e-25
2.797162853084688550e+02 3.428947826681907463e-25
2.816571335300678243e+02 3.430766477726032104e-25
2.836114485822271263e+02 3.432614676516201846e-25
2.855793239063216902e+02 3.434492782988156922e-25
2.875608535920806617e+02 3.436401161725284625e-25
2.895561323820878670e+02 3.438340182015487987e-25
2.915652556763112102e+02 3.440310217909570651e-25
2.935883195366627092e+02 3.442311648282472783e-25
2.956254206915940017e+02 3.444344856896375828e-25
2.976766565407184544e+02 3.446410232467903600e-25
2.997421251594703904e+02 3.448508168738222607e-25
3.018219253037934777e+02 3.450639064548270019e-25
3.039161564148614616e+02 3.452803323919386609e-25
3.060249186238351058e+02 3.455001356141040316e-25
3.081483127566470444e+02 3.457233575866854493e-25
3.102864403388250025e+02 3.459500403221852016e-25
3.124394036003446899e+02 3.461802263923336975e-25
3.146073054805171409e+02 3.464139589419582803e-25
3.167902496329126620e+02 3.466512817051650552e-25
3.189883404303140537e+02 3.468922390245627675e-25
3.212016829697095091e+02 3.471368758745082501e-25
3.234303830773163213e+02 3.473852378898476267e-25
3.256745473136401188e+02 3.476373714020528916e-25
3.279342829785717299e+02 3.478933234857603276e-25
3.302096981165151988e+02 3.481531420198678352e-25
3.325009015215558748e+02 3.484168757696563911e-25
3.348080027426610741e+02 3.486845744996369555e-25
3.371311120889170638e+02 3.489562891325321792e-25
3.394703406348055523e+02 3.492320719790882592e-25
3.418258002255118981e+02 3.495119770798740732e-25
3.441976034822747579e+02 3.497960607297406580e-25
3.465858638077702949e+02 3.500843823115013180e-25
3.489906953915329382e+02 3.503770056757989389e-25
3.514122132154175802e+02 3.506740015355508794e-25
3.538505330590944027e+02 3.509754518620748659e-25
3.563057715055872450e+02 3.512814585314761237e-25
3.587780459468463619e+02 3.515921618649485838e-25
3.612674745893606314e+02 3.519077851039409580e-25
3.637741764598115992e+02 3.522287586898350437e-25
3.662982714107614584e+02 3.525561540500798819e-25
3.688398801263868449e+02 3.528938629378129070e-25
3.713991241282458873e+02 3.532723195066815713e-25
3.739761257810910138e+02 3.563756936103015530e-25
3.765710082987187093e+02 3.538925038451883260e-25
3.791838957498594596e+02 3.542303178604470731e-25
3.818149130641124316e+02 3.545823696908626810e-25
3.844641860379156242e+02 3.549403163709361920e-25
3.871318413405634260e+02 3.553034306527566327e-25
3.898180065202618039e+02 3.556716582337860613e-25
3.925228100102253848e+02 3.560450504937120629e-25
3.952463811348213767e+02 3.564236783150002503e-25
3.979888501157492442e+02 3.568076152708812126e-25
4.007503480782701786e+02 3.571969342788174643e-25
4.035310070574753354e+02 3.575917072355035879e-25
4.063309600045972161e+02 3.579920052886553126e-25
4.091503407933698213e+02 3.583978991820841465e-25
4.119892842264259230e+02 3.588094595480114139e-25
4.148479260417452679e+02 3.592267571316812568e-25
4.177264029191435384e+02 3.596498629590720871e-25
4.206248524868058780e+02 3.600788484617549332e-25
4.235434133278704962e+02 3.605137855705341472e-25
4.264822249870512110e+02 3.609547467867009585e-25
4.294414279773124008e+02 3.614018052370838489e-25
4.324211637865862485e+02 3.618550347175010689e-25
4.354215748845361418e+02 3.623145097276850338e-25
4.384428047293717441e+02 3.627803054999970793e-25
4.414849977747045386e+02 3.632524980235530138e-25
4.445482994764578280e+02 3.637311640649598947e-25
4.476328562998199914e+02 3.642163811865243442e-25
4.507388157262458321e+02 3.647082277625726354e-25
4.538663262605115847e+02 3.652067829944943563e-25
4.570155374378115312e+02 3.657121269246867123e-25
4.601865998309110068e+02 3.662243404500135224e-25
4.633796650573440843e+02 3.667435053347847438e-25
4.665948857866619051e+02 3.672697042236984807e-25
4.698324157477349559e+02 3.678030206548788240e-25
4.730924097361000236e+02 3.683435390733256186e-25
4.763750236213644484e+02 3.688913448450727879e-25
4.796804143546572732e+02 3.694465242723877513e-25
4.830087399761322331e+02 3.700091646104695970e-25
4.863601596225273056e+02 3.705793540863177867e-25
4.897348335347697343e+02 3.711571819205448305e-25
4.931329230656409663e+02 3.717427383533549421e-25
4.965545906874899629e+02 3.723361146764849752e-25
4.999999999999999432e+02 3.729374032735804501e-25
5.034693157380134494e+02 3.735466976729965566e-25
5.069627037794076045e+02 3.741640926191817007e-25
5.104803311530232008e+02 3.747896841723434466e-25
5.140223660466548381e+02 3.754235698527798916e-25
5.175889778150880147e+02 3.760658488575471521e-25
5.211803369882004517e+02 3.767166223991111586e-25
5.247966152791137802e+02 3.773759942584441048e-25
5.284379855924019012e+02 3.780440717349476767e-25
5.321046220323622720e+02 3.787209673771180038e-25
5.357966999113355087e+02 3.794068023693358548e-25
5.395143957580917231e+02 3.801017137829434438e-25
5.432578873262691559e+02 3.808058720395962836e-25
5.470273536028711305e+02 3.815195304182215888e-25
5.508229748168283777e+02 3.822432044367848410e-25
5.546449324476112679e+02 3.829786697166220843e-25
5.584934092339112794e+02 3.837459634230024212e-25
5.623685891823758993e+02 3.844573406495912884e-25
5.662706575764057106e+02 3.852165832488457556e-25
5.701998009850165090e+02 3.859885957964348057e-25
5.741562072717555338e+02 3.867697512220033398e-25
5.781400656036876171e+02 3.875606121060394693e-25
5.821515664604382891e+02 3.883614731727339028e-25
5.861909016432991848e+02 3.891725306974557126e-25
5.902582642844026850e+02 3.899939426548038753e-25
5.943538488559515827e+02 3.908258503667710389e-25
5.984778511795212808e+02 3.916683873992655657e-25
6.026304684354212213e+02 3.925216836544793105e-25
6.068118991721202065e+02 3.933858674318305752e-25
6.110223433157442514e+02 3.942610665453152491e-25
6.152620021796307128e+02 3.951474089681498397e-25
6.195310784739577912e+02 3.960450232254916454e-25
6.238297763154347422e+02 3.969540386457064126e-25
6.281583012370599590e+02 3.978745855289088795e-25
6.325168601979518144e+02 3.988067952653861172e-25
6.369056615932391878e+02 3.997508004228309199e-25
6.413249152640298689e+02 4.007067348138834142e-25
6.457748325074419427e+02 4.016747335512779534e-25
6.502556260867041829e+02 4.026549330952694471e-25
6.547675102413337527e+02 4.036474712969601083e-25
6.593107006973741591e+02 4.046524874400984258e-25
6.638854146777144933e+02 4.056701222838724389e-25
6.684918709124732459e+02 4.067005181092999332e-25
6.731302896494547667e+02 4.077438187725105231e-25
6.778008926646843975e+02 4.088001697695127729e-25
6.825039032730068129e+02 4.098697183194399064e-25
6.872395463387682639e+02 4.109526134776564695e-25
6.920080482865656677e+02 4.120490062981301921e-25
6.968096371120709591e+02 4.131590500797160078e-25
7.016445423929365006e+02 4.142829007617919126e-25
7.065129952997667715e+02 4.154207175996369480e-25
7.114152286071758908e+02 4.165726643991757474e-25
7.163514767049153988e+02 4.177389119622491863e-25
7.213219756090785495e+02 4.189196434340698755e-25
7.263269629733905504e+02 4.201150676168332512e-25
7.313666781005648545e+02 4.213254587485453130e-25
7.364413619537507429e+02 4.225513145044728763e-25
7.415512571680520750e+02 4.237944374095354114e-25
7.466966080621258470e+02 4.251491639855240866e-25
7.518776606498690853e+02 4.263068090070760340e-25
7.570946626521758844e+02 4.275960244335144097e-25
7.623478635087872135e+02 4.288989302871378351e-25
7.676375143902112086e+02 4.302172246771127244e-25
7.729638682097383935e+02 4.315514090800645240e-25
7.783271796355309107e+02 4.329017726158090512e-25
7.837277051027973584e+02 4.342685441372842671e-25
7.891657028260589186e+02 4.356519312213705003e-25
7.946414328114889258e+02 4.370521874981209135e-25
8.001551568693499803e+02 4.384693430802911982e-25
8.057071386265098454e+02 4.399037590293898614e-25
8.112976435390434062e+02 4.413555759362438915e-25
8.169269389049309211e+02 4.428249905310098295e-25
8.225952938768310787e+02 4.443122013124255174e-25
8.283029794749566008e+02 4.458174087090216185e-25
8.340502686000294261e+02 4.473408152613278327e-25
8.398374360463265020e+02 4.488826257704550156e-25
8.456647585148242570e+02 4.504430474271656521e-25
8.515325146264220848e+02 4.520222899355099644e-25
8.574409849352695119e+02 4.536205656438810424e-25
8.633904519421778332e+02 4.552380896990541949e-25
8.693812001081250855e+02 4.568750802457992985e-25
8.754135158678624293e+02 4.585317587113804604e-25
8.814876876436027260e+02 4.602083502489892219e-25
8.876040058588170041e+02 4.619050844943526914e-25
8.937627629521176686e+02 4.636221969819138528e-25
8.999642533912381168e+02 4.653599320861789689e-25
9.062087736871186507e+02 4.671185499484960208e-25
9.124966224080760639e+02 4.688983457432664258e-25
9.188281001940850956e+02 4.706997181968962756e-25
9.252035097711509479e+02 4.725235443463096597e-25
9.316231559657798016e+02 4.743780278691001591e-25
9.380873457195606306e+02 4.762230212376875233e-25
9.445963881038330783e+02 4.781156632621698268e-25
9.511505943344717480e+02 4.800276682315786511e-25
9.577502777867638315e+02 4.819618858960565932e-25
9.643957540103887141e+02 4.839189555279603863e-25
9.710873407445130852e+02 4.858992547007051255e-25
9.778253579329743843e+02 4.879030981974193982e-25
9.846101277395855504e+02 4.899307814662842356e-25
9.914419745635356094e+02 4.919825940736638099e-25
9.983212250548965585e+02 4.940588248726476579e-25
1.005248208130249395e+03 4.961597643262253494e-25
1.012223254988401777e+03 4.982857056972626531e-25
1.019246699126230965e+03 5.004369457384112012e-25
1.026318876354625900e+03 5.026137851479190975e-25
1.033440124814540923e+03 5.048165289172123829e-25
1.040610784993169545e+03 5.070454866412975427e-25
1.047831199740216334e+03 5.093009728447191108e-25
1.055101714284297032e+03 5.115833073833707305e-25
1.062422676249441338e+03 5.138928160201731248e-25
1.069794435671710517e+03 5.162298313737435884e-25
1.077217345015942101e+03 5.185946947080197397e-25
1.084691759192592144e+03 5.209877598148122095e-25
1.092218035574712985e+03 5.234094029246764177e-25
1.099796534015037196e+03 5.258600541278504893e-25
1.107427616863179537e+03 5.283403375413345291e-25
1.115111648982969200e+03 5.308523675962562001e-25
1.122848997769886864e+03 5.333729633684931132e-25
1.130640033168638411e+03 5.359526269687255260e-25
1.138485127690839818e+03 5.385538926869845294e-25
1.146384656432824158e+03 5.411854488647159776e-25
1.154338997093584794e+03 5.438482347356213497e-25
1.162348529992823842e+03 5.465427815776560451e-25
1.170413638089145707e+03 5.492695432669793806e-25
1.178534706998363845e+03 5.520289544926507347e-25
1.186712125011933040e+03 5.548214469312743175e-25
1.194946283115524921e+03 5.576474551137215799e-25
1.203237575007711939e+03 5.605074190202213271e-25
1.211586397118798914e+03 5.634017854562866928e-25
1.219993148629774851e+03 5.663310089368521033e-25
1.228458231491394827e+03 5.692955523912159541e-25
1.236982050443406933e+03 5.722958878715262992e-25
1.245565013033894047e+03 5.753324974494770545e-25
1.254207529638769074e+03 5.784058746215060666e-25
1.262910013481392070e+03 5.815165269922195863e-25
1.271672880652324011e+03 5.846649824953494413e-25
1.280496550129229490e+03 5.878518073636394107e-25
1.289381443796900385e+03 5.910776765173889118e-25
1.298327986467434812e+03 5.943438551869596682e-25
1.307336605900545919e+03 5.977590856945282388e-25
1.316407732824009827e+03 6.009873693690444291e-25
1.325541800954269320e+03 6.043749829778901196e-25
1.334739247017160324e+03 6.078031345064299195e-25
1.344000510768802087e+03 6.112732164197012293e-25
1.353326035016620381e+03 6.147859934240628762e-25
1.362716265640513711e+03 6.183421384798214458e-25
1.372171651614182565e+03 6.219423083634375721e-25
1.381692645026584842e+03 6.255871627637248974e-25
1.391279701103562729e+03 6.292773709703885923e-25
1.400933278229597590e+03 6.330136149098586272e-25
1.410653837969735150e+03 6.367965909387462786e-25
1.420441845091651885e+03 6.406270112662413341e-25
1.430297767587870794e+03 6.445056054972013426e-25
1.440222076698148840e+03 6.484331228982367467e-25
1.450215246931995580e+03 6.524103367935221499e-25
1.460277756091372339e+03 6.564380556992304279e-25
1.470410085293531665e+03 6.605171615119284573e-25
1.480612718994017087e+03 6.646488171727120024e-25
1.490886145009836582e+03 6.688384381469893013e-25
1.501230854542774523e+03 6.730641110909019760e-25
1.511647342202888012e+03 6.773584672031172128e-25
1.522136106032151247e+03 6.817065898951562533e-25
1.532697647528263133e+03 6.861108179286219281e-25
1.543332471668637027e+03 6.905722973951009763e-25
1.554041086934531677e+03 6.950920547068623405e-25
1.564824005335374977e+03 6.996711053109411416e-25
1.575681742433239378e+03 7.043104781501168884e-25
1.586614817367487831e+03 7.090112239875429632e-25
1.597623752879606627e+03 7.137744194301655949e-25
1.608709075338185585e+03 7.186011697581259041e-25
1.619871314764097406e+03 7.234926118930970241e-25
1.631111004855834835e+03 7.284499189956059562e-25
1.642428683015021534e+03 7.334743107172539365e-25
1.653824890372120990e+03 7.385670862399218843e-25
1.665300171812294138e+03 7.437297979039290275e-25
1.676855076001464113e+03 7.489673315133818205e-25
1.688490155412545391e+03 7.542623148459345715e-25
1.700205966351852794e+03 7.596429107752783903e-25
1.712003068985712616e+03 7.650967934344266488e-25
1.723882027367231785e+03 7.706267532522771308e-25
1.735843409463279386e+03 7.762344695409045831e-25
1.747887787181637350e+03 7.819215344948678841e-25
1.760015736398339186e+03 7.876895542426775128e-25
1.772227836985217436e+03 7.935401722568347894e-25
1.784524672837614617e+03 7.994750782733755621e-25
1.796906831902312661e+03 8.054960137648895278e-25
1.809374906205639945e+03 8.116047774444709422e-25
1.821929491881772037e+03 8.178032342359113271e-25
1.834571189201246852e+03 8.240933386556202436e-25
1.847300602599651029e+03 8.304772371237926396e-25
1.860118340706532763e+03 8.369583978275398103e-25
1.873025016374496317e+03 8.435265404991232014e-25
1.886021246708498438e+03 8.502063662678896147e-25
1.899107653095367823e+03 8.569853532490199274e-25
1.912284861233499214e+03 8.638683230532951609e-25
1.925553501162784187e+03 8.708578984020249014e-25
1.938914207294728385e+03 8.779566079103366703e-25
1.952367618442779758e+03 8.851670265650000686e-25
1.965914377852884854e+03 8.924918060171972150e-25
1.979555133234229061e+03 8.999336870104055453e-25
1.993290536790218994e+03 9.074955087418043155e-25
2.007121245249660660e+03 9.151802215799821462e-25
2.021047919898152713e+03 9.229909181851816471e-25
2.035071226609719133e+03 9.309309806129849985e-25
2.049191835878630627e+03 9.390066364267403253e-25
2.063410422851475687e+03 9.472058113699485621e-25
2.077727667359437419e+03 9.555540980492886155e-25
2.092144253950789789e+03 9.640438130597396563e-25
2.106660871923644208e+03 9.726798169842850273e-25
2.121278215358888247e+03 9.814661660924942906e-25
2.135996983153388101e+03 9.904069567736578334e-25
2.150817879053397064e+03 9.995064141597212496e-25
2.165741611688199100e+03 1.008768917941953838e-24
2.180768894604002526e+03 1.018199018566358756e-24
2.195900446298042880e+03 1.027801458057528257e-24
2.211136990252948181e+03 1.037581225616394718e-24
2.226479254971327464e+03 1.047543918501132603e-24
2.241927974010592607e+03 1.057668116398672897e-24
2.257483886018050725e+03 1.068031908775348199e-24
2.273147734766199392e+03 1.078573688780634990e-24
2.288920269188307884e+03 1.089319618363484458e-24
2.304802243414216719e+03 1.100276237928633707e-24
2.320794416806388199e+03 1.111450036286953925e-24
2.336897553996231636e+03 1.122847704263106152e-24
2.353112424920640478e+03 1.134476183092651786e-24
2.369439804858825028e+03 1.146342688832344755e-24
2.385880474469372530e+03 1.158454743914708449e-24
2.402435219827564197e+03 1.170820284101352769e-24
2.419104832462978266e+03 1.183448959567060393e-24
2.435890109397314973e+03 1.196338353575872434e-24
2.452791853182522573e+03 1.209514846592313773e-24
2.469810871939159824e+03 1.222976970241780853e-24
2.486947979395030870e+03 1.236735489746015353e-24
2.504203994924105700e+03 1.250800214080309109e-24
2.521579743585678898e+03 1.265181160116236214e-24
2.539076056163837620e+03 1.279888644552373398e-24
2.556693769207162859e+03 1.294933304065893728e-24
2.574433725068745844e+03 1.310326119003866747e-24
2.592296771946456374e+03 1.326078571869483607e-24
2.610283763923487186e+03 1.342208270951011725e-24
2.628395561009212088e+03 1.358702840718505800e-24
2.646633029180280118e+03 1.375603299526840265e-24
2.664997040422043483e+03 1.392909419121225348e-24
2.683488472770237877e+03 1.410633970127222172e-24
2.702108210352957030e+03 1.428789232985622451e-24
2.720857143432946032e+03 1.447387339051889638e-24
2.739736168450142941e+03 1.466440211953250479e-24
2.758746188064561011e+03 1.485959464840026485e-24
2.777888111199438299e+03 1.505956412168932935e-24
2.797162853084688322e+03 1.526449337315519952e-24
2.816571335300678584e+03 1.547417917940159130e-24
2.836114485822271490e+03 1.568904618088654913e-24
2.855793239063214060e+03 1.590901904661359955e-24
2.875608535920806389e+03 1.613414617369050050e-24
2.895561323820878897e+03 1.636444570559431374e-24
2.915652556763111988e+03 1.659998001220977879e-24
2.935883195366627206e+03 1.684062219027443161e-24
2.956254206915937175e+03 1.708626963971234581e-24
2.976766565407184771e+03 1.733678183232330875e-24
2.997421251594703790e+03 1.759183271885495194e-24
3.018219253037934777e+03 1.785128504711208714e-24
3.039161564148614616e+03 1.811464691862617677e-24
3.060249186238348102e+03 1.838142591311941981e-24
3.081483127566470557e+03 1.865099192967575170e-24
3.102864403388249684e+03 1.892256832616753641e-24
3.124394036003446672e+03 1.919521257188673032e-24
3.146073054805171523e+03 1.946779656131710142e-24
3.167902496329123551e+03 1.973902886593301777e-24
3.189883404303140651e+03 2.000714065255027682e-24
3.212016829697095091e+03 2.027056051995692422e-24
3.234303830773163099e+03 2.052709644159896341e-24
3.256745473136400960e+03 2.077439737492661360e-24
3.279342829785714002e+03 2.100983264097262833e-24
3.302096981165152101e+03 2.123050760783064702e-24
3.325009015215558520e+03 2.143329099472097806e-24
3.348080027426610741e+03 2.161487129754258597e-24
3.371311120889170525e+03 2.177169493938517803e-24
3.394703406348052340e+03 2.190042252032227269e-24
3.418258002255118754e+03 2.199753300425772946e-24
3.441976034822747806e+03 2.205980635201922154e-24
3.465858638077703290e+03 2.208435400224339045e-24
3.489906953915329723e+03 2.206878054592839569e-24
3.514122132154172050e+03 2.201133401198092682e-24
3.538505330590944141e+03 2.191106607512263867e-24
3.563057715055871995e+03 2.176773631452381995e-24
3.587780459468463505e+03 2.158236751822588603e-24
3.612674745893606541e+03 2.135667153044735203e-24
3.637741764598112240e+03 2.109336996805006132e-24
3.662982714107614811e+03 2.079601015149429052e-24
3.688398801263864698e+03 2.046883859429310094e-24
3.713991241282458759e+03 2.011664240607492353e-24
3.739761257810910138e+03 1.974449244392746454e-24
3.765710082987183341e+03 1.935782305253140103e-24
3.791838957498594937e+03 1.896183965384925728e-24
3.818149130641120337e+03 1.856169763371246059e-24
3.844641860379156242e+03 1.816224506975658983e-24
3.871318413405634146e+03 1.776794108676814930e-24
3.898180065202614060e+03 1.738279201068573587e-24
3.925228100102254302e+03 1.701025319759143369e-24
3.952463811348209674e+03 1.665342838209657918e-24
3.979888501157492556e+03 1.631472749397485104e-24
4.007503480782701899e+03 1.599617188663119349e-24
4.035310070574748806e+03 1.569931139076062838e-24
4.063309600045972275e+03 1.542527748395746808e-24
4.091503407933694234e+03 1.517483208731449429e-24
4.119892842264259343e+03 1.494834903855486529e-24
4.148479260417452679e+03 1.474602935665060479e-24
4.177264029191431291e+03 1.456771463039319865e-24
4.206248524868058666e+03 1.441308048795178510e-24
4.235434133278700756e+03 1.428162579229938222e-24
4.264822249870511769e+03 1.417271138176951904e-24
4.294414279773124690e+03 1.408554255286737062e-24
4.324211637865858393e+03 1.401939656930801247e-24
4.354215748845361304e+03 1.397329431735869815e-24
4.384428047293712552e+03 1.394633638874942801e-24
4.414849977747045159e+03 1.393758352878160748e-24
4.445482994764578507e+03 1.394609525289242645e-24
4.476328562998200141e+03 1.397078408427968634e-24
4.507388157262457753e+03 1.401119219568233831e-24
4.538663262605111413e+03 1.406600564021796277e-24
4.570155374378115084e+03 1.413452222920428917e-24
4.601865998309110182e+03 1.421594387414681258e-24
4.633796650573441184e+03 1.430951784258406223e-24
4.665948857866618710e+03 1.441449488708921146e-24
4.698324157477344670e+03 1.453031925166664231e-24
4.730924097361000349e+03 1.465628989315595561e-24
4.763750236213644712e+03 1.479186723623319094e-24
4.796804143546572959e+03 1.493653509675890667e-24
4.830087399761322558e+03 1.508982515895762794e-24
4.863601596225267713e+03 1.525128007341421841e-24
4.897348335347696775e+03 1.542055947613818762e-24
4.931329230656409891e+03 1.559728627513330839e-24
4.965545906874899629e+03 1.578115364589379313e-24
4.999999999999999091e+03 1.597188726207056175e-24
