5.000000000000000888e+00 4.640472854791276664e-23
5.034693157380139006e+00 4.324132778400764391e-23
5.069627037794075974e+00 4.038231547724811116e-23
5.104803311530234922e+00 3.779301040547727668e-23
5.140223660466546995e+00 3.544317142174769694e-23
5.175889778150882137e+00 3.330634238103387416e-23
5.211803369882009207e+00 3.135930981907417853e-23
5.247966152791137873e+00 2.958165146033515988e-23
5.284379855924021818e+00 2.795535827644340907e-23
5.321046220323622400e+00 2.646451638941508635e-23
5.357966999113356721e+00 2.509503790088572017e-23
5.395143957580921246e+00 2.383443190081329371e-23
5.432578873262690955e+00 2.267160863458062819e-23
5.470273536028714467e+00 2.159671116084047096e-23
5.508229748168283813e+00 2.060096992458793593e-23
5.546449324476114384e+00 1.967657653095309042e-23
5.584934092339116418e+00 1.881657370064347539e-23
5.623685891823758887e+00 1.801475894641287576e-23
5.662706575764059558e+00 1.726559995188548180e-23
5.701998009850164806e+00 1.656415999472154236e-23
5.741562072717556475e+00 1.590603204326360917e-23
5.781400656036880470e+00 1.528728038400508680e-23
5.821515664604382856e+00 1.470438882512813417e-23
5.861909016432995223e+00 1.415421466705223653e-23
5.902582642844026672e+00 1.363140429347564979e-23
5.943538488559517496e+00 1.313360293143471442e-23
5.984778511795218137e+00 1.266120361341171026e-23
6.026304684354212071e+00 1.221218757731667981e-23
6.068118991721204836e+00 1.178474374460652100e-23
6.110223433157442763e+00 1.137724594856887940e-23
6.152620021796308514e+00 1.098823265194407666e-23
6.195310784739581855e+00 1.061638888371256251e-23
6.238297763154347919e+00 1.026053015701451048e-23
6.281583012370603569e+00 9.919588151521512371e-24
6.325168601979518357e+00 9.592597973742828512e-24
6.369056615932393584e+00 9.278686819926791085e-24
6.413249152640303485e+00 8.977063893977162693e-24
6.457748325074419427e+00 8.687011440943400316e-24
6.502556260867045523e+00 8.407876776206450207e-24
6.547675102413337278e+00 8.139065200949498511e-24
6.593107006973743189e+00 7.880033707123002565e-24
6.638854146777149801e+00 7.630285384794921174e-24
6.684918709124731961e+00 7.389095760142631089e-24
6.731302896494550936e+00 7.156313907933754832e-24
6.778008926646843513e+00 6.931560501378013877e-24
6.825039032730071398e+00 6.714478572322579362e-24
6.872395463387687364e+00 6.504737385560150939e-24
6.920080482865659022e+00 6.302029703590250686e-24
6.968096371120712895e+00 6.106069358615830734e-24
7.016445423929364544e+00 5.916589101470594641e-24
7.065129952997670770e+00 5.733338690905313840e-24
7.114152286071764308e+00 5.556083201568617351e-24
7.163514767049155907e+00 5.384601523368665677e-24
7.213219756090789581e+00 5.218685030642467164e-24
7.263269629733905219e+00 5.058136403775294022e-24
7.313666781005652595e+00 4.902768584590419484e-24
7.364413619537513611e+00 4.752403850119039817e-24
7.415512571680523024e+00 4.606872993480847062e-24
7.466966080621261881e+00 4.466014596046083769e-24
7.518776606498691173e+00 4.329674384867198275e-24
7.570946626521762646e+00 4.197704661457812125e-24
7.623478635087869826e+00 4.069963796137656881e-24
7.676375143902114395e+00 3.946315779940140975e-24
7.729638682097387914e+00 3.826629826428019069e-24
7.783271796355308858e+00 3.710780018863165102e-24
7.837277051027977670e+00 3.598644995928918212e-24
7.891657028260587126e+00 3.490107672984174273e-24
7.946414328114890679e+00 3.385054992637157861e-24
8.001551568693503924e+00 3.283377703519046173e-24
8.057071386265098667e+00 3.184970161190237371e-24
8.112976435390438112e+00 3.089730149961733657e-24
8.169269389049306440e+00 2.997558723779329634e-24
8.225952938768314127e+00 2.908360061025194233e-24
8.283029794749570129e+00 2.822041334144184950e-24
8.340502686000293764e+00 2.738512591302878583e-24
8.398374360463268573e+00 2.657686647821115030e-24
8.456647585148241220e+00 2.579478986614261803e-24
8.515325146264222766e+00 2.503807667135675829e-24
8.574409849352699453e+00 2.430593240229369382e-24
8.633904519421777835e+00 2.359758669395241603e-24
8.693812001081255403e+00 2.291229256544856776e-24
8.754135158678622020e+00 2.224932572896047499e-24
8.814876876436029463e+00 2.160798392444070327e-24
8.876040058588174020e+00 2.098758629776212316e-24
8.937627629521175621e+00 2.038747280012492882e-24
8.999642533912386000e+00 1.980700361297429023e-24
9.062087736871186294e+00 1.924555859367669552e-24
9.124966224080763411e+00 1.870253673815079372e-24
9.188281001940856285e+00 1.817735566078101299e-24
9.252035097711509337e+00 1.766945108722880196e-24
9.316231559657802919e+00 1.717827635720279894e-24
9.380873457195605170e+00 1.670330194442679561e-24
9.445963881038332843e+00 1.624401497565400930e-24
9.511505943344722880e+00 1.579991876938526903e-24
9.577502777867637818e+00 1.537053237710014197e-24
9.643957540103892612e+00 1.495539013333386262e-24
9.710873407445131278e+00 1.455404121010135198e-24
9.778253579329746259e+00 1.416604918512260948e-24
9.846101277395861828e+00 1.379099161110322861e-24
9.914419745635354886e+00 1.342845959390558400e-24
9.983212250548969990e+00 1.307805737483888472e-24
1.005248208130249488e+01 1.274308502240308490e-24
1.012223254988401777e+01 1.242042869564062491e-24
1.019246699126231981e+01 1.210852287973678357e-24
1.026318876354625864e+01 1.180702984870583611e-24
1.033440124814541505e+01 1.151562275992200752e-24
1.040610784993169524e+01 1.123398529466060833e-24
1.047831199740216412e+01 1.096181128893100129e-24
1.055101714284298176e+01 1.069880439082772151e-24
1.062422676249441267e+01 1.044467771693920822e-24
1.069794435671711241e+01 1.019915351385710943e-24
1.077217345015942129e+01 9.961962837129964962e-25
1.084691759192592109e+01 9.732845232038549397e-25
1.092218035574714108e+01 9.511548423803025425e-25
1.099796534015037253e+01 9.297828020795072361e-25
1.107427616863180120e+01 9.091447221455319816e-25
1.115111648982969150e+01 8.892176532643845133e-25
1.122848997769887447e+01 8.699793498470298467e-25
1.130640033168639569e+01 8.514082436041147232e-25
1.138485127690839782e+01 8.334834179205465330e-25
1.146384656432824833e+01 8.161845837309522412e-25
1.154338997093584673e+01 7.994920557030166409e-25
1.162348529992824453e+01 7.833867297631321169e-25
1.170413638089146957e+01 7.678500613324861524e-25
1.178534706998363824e+01 7.528640447057584589e-25
1.186712125011933594e+01 7.384111930958301529e-25
1.194946283115524999e+01 7.244745198728226527e-25
1.203237575007712579e+01 7.110375206534775248e-25
1.211586397118800207e+01 6.980841560828066277e-25
1.219993148629774993e+01 6.855988359341255660e-25
1.228458231491395480e+01 6.735664035428172468e-25
1.236982050443406855e+01 6.619721215188031491e-25
1.245565013033894708e+01 6.508016581495747297e-25
1.254207529638770424e+01 6.400410745019968947e-25
1.262910013481392113e+01 6.296768125345399658e-25
1.271672880652324622e+01 6.196956837064914656e-25
1.280496550129229583e+01 6.100848583368361181e-25
1.289381443796900939e+01 6.008318558239882908e-25
1.298327986467436013e+01 5.919245352672734164e-25
1.307336605900545834e+01 5.833510868649480544e-25
1.316407732824010424e+01 5.751000235973329843e-25
1.325541800954269256e+01 5.671601738575936622e-25
1.334739247017160935e+01 5.595206740813295704e-25
1.344000510768803558e+01 5.521709621918096176e-25
1.353326035016620388e+01 5.451007709951312972e-25
1.362716265640514379e+01 5.383001225316576308e-25
1.372171651614182508e+01 5.317593221457762799e-25
1.381692645026585531e+01 5.254689530670537076e-25
1.391279701103562694e+01 5.194198713034854797e-25
1.400933278229597434e+01 5.136032005677019167e-25
1.410653837969735847e+01 5.080103274093786891e-25
1.420441845091651878e+01 5.026328966297340985e-25
1.430297767587871505e+01 4.974628064495820396e-25
1.440222076698148790e+01 4.924922041044768649e-25
1.450215246931995594e+01 4.877134813892881158e-25
1.460277756091373114e+01 4.831192700154786872e-25
1.470410085293531743e+01 4.787024373431988256e-25
1.480612718994017740e+01 4.744560818551354972e-25
1.490886145009836561e+01 4.703735286435149868e-25
1.501230854542774473e+01 4.664483250646610130e-25
1.511647342202888744e+01 4.626742360764650781e-25
1.522136106032151126e+01 4.590452397622972027e-25
1.532697647528264007e+01 4.555555227458269263e-25
1.543332471668636963e+01 4.521994755356470002e-25
1.554041086934531712e+01 4.489716878793808401e-25
1.564824005335375823e+01 4.458669441284968035e-25
1.575681742433239485e+01 4.428802184045423497e-25
1.586614817367488683e+01 4.400066698534174918e-25
1.597623752879606585e+01 4.372416380158349367e-25
1.608709075338185457e+01 4.345806378754506746e-25
1.619871314764099068e+01 4.320193551425855848e-25
1.631111004855834778e+01 4.295536414626640672e-25
1.642428683015022273e+01 4.271795096000652809e-25
1.653824890372121104e+01 4.248931287201727929e-25
1.665300171812294039e+01 4.226908196338899576e-25
1.676855076001465861e+01 4.205690500513280095e-25
1.688490155412545590e+01 4.185244299639441889e-25
1.700205966351853704e+01 4.165537070312106633e-25
1.712003068985712417e+01 4.146537619385185511e-25
1.723882027367231728e+01 4.128216040193333514e-25
1.735843409463281262e+01 4.110543667091415395e-25
1.747887787181637265e+01 4.093493032654682428e-25
1.760015736398340280e+01 4.077037824342376867e-25
1.772227836985217664e+01 4.061152842950396553e-25
1.784524672837614645e+01 4.045813961142854486e-25
1.796906831902314394e+01 4.030998083685617836e-25
1.809374906205639988e+01 4.016683107863557898e-25
1.821929491881772734e+01 4.002847885436945512e-25
1.834571189201246710e+01 3.989472185423780957e-25
1.847300602599650787e+01 3.976536657592653242e-25
1.860118340706534568e+01 3.964022797731480701e-25
1.873025016374496232e+01 3.951912913016453758e-25
1.886021246708499532e+01 3.940190089117122697e-25
1.899107653095367709e+01 3.928838157876585019e-25
1.912284861233499456e+01 3.917841666581397129e-25
1.925553501162785963e+01 3.907185847750976465e-25
1.938914207294728342e+01 3.896856590011140938e-25
1.952367618442780639e+01 3.886840410142518713e-25
1.965914377852884698e+01 3.877124426340003689e-25
1.979555133234229203e+01 3.867696331799154068e-25
1.993290536790221168e+01 3.858544369967898169e-25
2.007121245249660646e+01 3.849657310207293439e-25
2.021047919898153822e+01 3.841024424699091921e-25
2.035071226609719020e+01 3.832635466272233734e-25
2.049191835878630386e+01 3.824480646740278358e-25
2.063410422851477577e+01 3.816550616582178463e-25
2.077727667359437191e+01 3.808836445157427502e-25
2.092144253950791111e+01 3.801329601667499742e-25
2.106660871923644152e+01 3.794021937339654721e-25
2.121278215358888275e+01 3.786905667758779614e-25
2.135996983153390261e+01 3.779973356448127300e-25
2.150817879053397164e+01 3.773217898902335989e-25
2.165741611688200052e+01 3.766632507342454465e-25
2.180768894604002384e+01 3.760210696230350911e-25
2.195900446298042752e+01 3.753946268303804213e-25
2.211136990252950341e+01 3.747833301231664843e-25
2.226479254971327393e+01 3.741866135049885640e-25
2.241927974010593871e+01 3.736039359852804740e-25
2.257483886018050612e+01 3.730347804404504022e-25
2.273147734766199335e+01 3.724786524809981381e-25
2.288920269188310286e+01 3.719350794220493087e-25
2.304802243414216534e+01 3.714036092645195729e-25
2.320794416806389648e+01 3.708838097239273424e-25
2.336897553996231380e+01 3.703752673360312562e-25
2.353112424920640322e+01 3.698775865629292208e-25
2.369439804858827614e+01 3.693903889701316418e-25
2.385880474469372459e+01 3.689133124269890638e-25
2.402435219827565405e+01 3.684460103545286008e-25
2.419104832462978294e+01 3.679881509980478375e-25
2.435890109397316294e+01 3.675394167424249106e-25
2.452791853182525017e+01 3.670995034575870454e-25
2.469810871939160180e+01 3.666681198716917389e-25
2.486947979395032249e+01 3.662449869793168736e-25
2.504203994924105814e+01 3.658298374748334107e-25
2.521579743585680333e+01 3.654224152089478111e-25
2.539076056163837691e+01 3.650224746775146693e-25
2.556693769207162603e+01 3.646297805379533065e-25
2.574433725068747236e+01 3.642441071303692344e-25
2.592296771946456246e+01 3.638652380467556792e-25
2.610283763923488465e+01 3.634929657002813395e-25
2.628395561009211789e+01 3.631270909265731716e-25
2.646633029180280161e+01 3.627674226002487346e-25
2.664997040422045060e+01 3.624137772666968098e-25
2.683488472770237721e+01 3.620659788034962725e-25
2.702108210352958650e+01 3.617238580757979289e-25
2.720857143432946046e+01 3.613872526346311815e-25
2.739736168450142983e+01 3.610560064114953524e-25
2.758746188064564109e+01 3.607299694300436581e-25
2.777888111199438370e+01 3.604089975385949245e-25
2.797162853084689971e+01 3.600929521489126142e-25
2.816571335300678314e+01 3.597816999912600442e-25
2.836114485822271192e+01 3.594751128751690552e-25
2.855793239063217115e+01 3.591730674708406290e-25
2.875608535920806474e+01 3.588754450937483130e-25
2.895561323820880162e+01 3.585821315001095966e-25
2.915652556763112102e+01 3.582930166949435707e-25
2.935883195366627163e+01 3.580079947479294168e-25
2.956254206915940230e+01 3.577269636171717473e-25
2.976766565407184473e+01 3.574498249819642650e-25
2.997421251594705538e+01 3.571764840820363637e-25
3.018219253037934635e+01 3.569068495685104554e-25
3.039161564148614758e+01 3.566408333553028617e-25
3.060249186238350916e+01 3.563783504826367975e-25
3.081483127566470870e+01 3.561193189869641406e-25
3.102864403388251446e+01 3.558636597716939304e-25
3.124394036003446828e+01 3.556112964903395046e-25
3.146073054805171409e+01 3.553621554315727846e-25
3.167902496329126549e+01 3.551161654087762034e-25
3.189883404303140679e+01 3.548732576578530332e-25
3.212016829697096654e+01 3.546333657377213291e-25
3.234303830773163213e+01 3.543964254339306474e-25
3.256745473136400904e+01 3.541623746709575397e-25
3.279342829785717583e+01 3.539311534236137324e-25
3.302096981165151846e+01 3.537027036364073520e-25
3.325009015215560737e+01 3.534769691437811331e-25
3.348080027426610883e+01 3.532538955951289662e-25
3.371311120889170354e+01 3.530334303838849346e-25
3.394703406348055807e+01 3.528155225787327432e-25
3.418258002255118555e+01 3.526001228574769053e-25
3.441976034822749142e+01 3.523871834450987830e-25
3.465858638077703091e+01 3.521766580541854255e-25
3.489906953915329524e+01 3.519685018275609453e-25
3.514122132154175659e+01 3.517626712830191820e-25
3.538505330590944453e+01 3.515591242627097162e-25
3.563057715055874297e+01 3.513578198816167328e-25
3.587780459468464045e+01 3.511587184806568885e-25
3.612674745893606598e+01 3.509617815811420379e-25
3.637741764598116134e+01 3.507669718402332323e-25
3.662982714107614868e+01 3.505742530095602423e-25
3.688398801263866744e+01 3.503835898960828758e-25
3.713991241282458589e+01 3.501949483223100918e-25
3.739761257810909711e+01 3.500082950900641010e-25
3.765710082987187235e+01 3.498235979463598974e-25
3.791838957498595164e+01 3.496408255480593369e-25
3.818149130641122468e+01 3.494599474312023521e-25
3.844641860379156384e+01 3.492809339792684213e-25
3.871318413405634118e+01 3.491037563933521643e-25
3.898180065202618039e+01 3.489283866649422453e-25
3.925228100102253848e+01 3.487547975475986173e-25
3.952463811348211919e+01 3.485829625314021421e-25
3.979888501157492442e+01 3.484128558179251931e-25
4.007503480782702354e+01 3.482444522959703701e-25
4.035310070574752928e+01 3.480777275193768451e-25
4.063309600045972303e+01 3.479126576837531958e-25
4.091503407933696224e+01 3.477492196063792078e-25
4.119892842264259514e+01 3.475873907053703746e-25
4.148479260417452963e+01 3.474271489802243389e-25
4.177264029191434958e+01 3.472684729931933935e-25
4.206248524868058780e+01 3.471113418512328371e-25
4.235434133278702973e+01 3.469557351888729196e-25
4.264822249870512394e+01 3.468016331512383214e-25
4.294414279773126708e+01 3.466490163787471193e-25
4.324211637865862912e+01 3.464978659912633324e-25
4.354215748845361134e+01 3.463481635737113965e-25
4.384428047293715025e+01 3.461998911615049476e-25
4.414849977747045529e+01 3.460530312276102764e-25
4.445482994764580553e+01 3.459075666688381824e-25
4.476328562998200056e+01 3.457634807937268762e-25
4.507388157262457895e+01 3.456207573101088776e-25
4.538663262605113857e+01 3.454793803137831063e-25
4.570155374378115454e+01 3.453393342770925676e-25
4.601865998309111916e+01 3.452006040383786057e-25
4.633796650573440701e+01 3.450631747913531960e-25
4.665948857866618482e+01 3.449270320753082705e-25
4.698324157477347285e+01 3.447921617656353098e-25
4.730924097361000236e+01 3.446585500643134362e-25
4.763750236213646616e+01 3.445261834911005525e-25
4.796804143546572874e+01 3.443950488751272259e-25
4.830087399761322331e+01 3.442651333464712404e-25
4.863601596225270640e+01 3.441364243282213110e-25
4.897348335347697201e+01 3.440089095289596595e-25
4.931329230656412221e+01 3.438825769352755848e-25
4.965545906874899629e+01 3.437574148046150597e-25
4.999999999999999289e+01 3.436334116585760963e-25
5.034693157380139894e+01 3.435105562762269335e-25
5.069627037794075619e+01 3.433888376877159393e-25
5.104803311530231724e+01 3.432682451682256207e-25
5.140223660466548239e+01 3.431487682319722307e-25
5.175889778150880716e+01 3.430303966266350726e-25
5.211803369882010628e+01 3.429131203276849233e-25
5.247966152791137517e+01 3.427969295332586028e-25
5.284379855924019154e+01 3.426818146589947888e-25
5.321046220323622578e+01 3.425677663330327467e-25
5.357966999113354944e+01 3.424547753913842808e-25
5.395143957580922489e+01 3.423428328732870410e-25
5.432578873262691133e+01 3.422319300167974296e-25
5.470273536028711447e+01 3.421220582545366433e-25
5.508229748168283635e+01 3.420132092095848459e-25
5.546449324476112963e+01 3.419053746914871966e-25
5.584934092339118195e+01 3.417985466924912121e-25
5.623685891823758709e+01 3.416927173838098883e-25
5.662706575764056538e+01 3.415878791120776766e-25
5.701998009850164806e+01 3.414840243959415047e-25
5.741562072717555054e+01 3.413811459227282957e-25
5.781400656036881713e+01 3.412792365452393125e-25
5.821515664604383034e+01 3.411782892787522338e-25
5.861909016432991848e+01 3.410782972979281807e-25
5.902582642844026850e+01 3.409792539340792433e-25
5.943538488559515542e+01 3.408811526723096875e-25
5.984778511795219202e+01 3.407839871489310616e-25
6.026304684354212071e+01 3.406877511488181140e-25
6.068118991721201638e+01 3.405924386030379229e-25
6.110223433157442230e+01 3.404980435863560567e-25
6.152620021796307270e+01 3.404045603150252220e-25
6.195310784739583454e+01 3.403119831445351554e-25
6.238297763154347564e+01 3.402203065674968259e-25
6.281583012370606411e+01 3.401295252115767793e-25
6.325168601979518002e+01 3.400396338375271284e-25
6.369056615932391452e+01 3.399506273372659623e-25
6.413249152640305795e+01 3.398625007320883902e-25
6.457748325074419427e+01 3.397752491708565104e-25
6.502556260867048366e+01 3.396888679283453147e-25
6.547675102413337811e+01 3.396033524035674716e-25
6.593107006973741591e+01 3.395186981182428873e-25
6.638854146777151755e+01 3.394349007152870940e-25
6.684918709124731606e+01 3.393519559573632791e-25
6.731302896494554489e+01 3.392698597254853758e-25
6.778008926646843690e+01 3.391886080176838770e-25
6.825039032730067845e+01 3.391081969477561376e-25
6.872395463387690029e+01 3.390286227440003307e-25
6.920080482865657245e+01 3.389498817480857330e-25
6.968096371120716981e+01 3.388719704138985364e-25
7.016445423929364722e+01 3.387948853064910661e-25
7.065129952997666862e+01 3.387186231010364175e-25
7.114152286071765730e+01 3.386431805818711624e-25
7.163514767049153420e+01 3.385685546415214802e-25
7.213219756090792600e+01 3.384947422798787042e-25
7.263269629733905219e+01 3.384217406032860176e-25
7.313666781005647977e+01 3.383495468237651073e-25
7.364413619537515387e+01 3.382781582582471327e-25
7.415512571680521603e+01 3.382075723278564096e-25
7.466966080621266144e+01 3.381377865572119087e-25
7.518776606498691706e+01 3.380687985737787140e-25
7.570946626521758560e+01 3.380006061072710914e-25
7.623478635087872135e+01 3.379332069890598290e-25
7.676375143902112086e+01 3.378665991516508864e-25
7.729638682097392177e+01 3.378007806281797490e-25
7.783271796355309391e+01 3.377357495519233676e-25
7.837277051027973584e+01 3.376715041558900677e-25
7.891657028260588902e+01 3.376080427724007331e-25
7.946414328114889258e+01 3.375453638327118677e-25
8.001551568693507477e+01 3.374834658666887065e-25
8.057071386265099022e+01 3.374223475024934803e-25
8.112976435390434915e+01 3.373620074662980166e-25
8.169269389049308927e+01 3.373024445820547474e-25
8.225952938768311640e+01 3.372436577712390193e-25
8.283029794749575103e+01 3.371856460527079880e-25
8.340502686000294830e+01 3.371284085424957789e-25
8.398374360463265020e+01 3.370719444537033772e-25
8.456647585148242285e+01 3.370162530963777714e-25
8.515325146264220280e+01 3.369613338774428479e-25
8.574409849352703361e+01 3.369071863006379524e-25
8.633904519421778900e+01 3.368538099664944266e-25
8.693812001081251140e+01 3.368012045723328984e-25
8.754135158678624862e+01 3.367493699122936338e-25
8.814876876436026976e+01 3.366983058773726745e-25
8.876040058588178283e+01 3.366480124555125707e-25
8.937627629521176686e+01 3.365984897317004621e-25
8.999642533912381737e+01 3.365497378880755707e-25
9.062087736871187360e+01 3.365017572041045153e-25
9.124966224080760924e+01 3.364545480567299930e-25
9.188281001940860904e+01 3.364081109205962809e-25
9.252035097711508627e+01 3.363624463682325404e-25
9.316231559657798300e+01 3.363175550703319048e-25
9.380873457195606591e+01 3.362734377960044402e-25
9.445963881038331067e+01 3.362300954130712490e-25
9.511505943344727143e+01 3.361875288883808428e-25
9.577502777867637462e+01 3.361457392881388779e-25
9.643957540103887993e+01 3.361047277782894565e-25
9.710873407445130567e+01 3.360644956248759479e-25
9.778253579329744127e+01 3.360250441944800546e-25
9.846101277395865736e+01 3.359863749546097706e-25
9.914419745635355241e+01 3.359484894741967173e-25
9.983212250548965017e+01 3.359113894240488461e-25
1.005248208130249452e+02 3.358750765773566358e-25
1.012223254988401777e+02 3.358395528102267945e-25
1.019246699126232016e+02 3.358048201022152730e-25
1.026318876354625900e+02 3.357708805369101905e-25
1.033440124814540866e+02 3.357377363025247244e-25
1.040610784993169489e+02 3.357053896925173217e-25
1.047831199740216306e+02 3.356738431062336289e-25
1.055101714284298140e+02 3.356430990495796000e-25
1.062422676249441338e+02 3.356131601357096664e-25
1.069794435671710602e+02 3.355840290857564153e-25
1.077217345015942129e+02 3.355557087295677994e-25
1.084691759192592002e+02 3.355282020064814939e-25
1.092218035574714037e+02 3.355015119661245536e-25
1.099796534015037253e+02 3.354756417692428259e-25
1.107427616863179480e+02 3.354505946885541937e-25
1.115111648982969115e+02 3.354263741096325384e-25
1.122848997769886807e+02 3.354029835318251764e-25
1.130640033168639604e+02 3.353804265691880659e-25
1.138485127690839818e+02 3.353587069514801557e-25
1.146384656432825437e+02 3.353378285251745857e-25
1.154338997093584709e+02 3.353177952544912855e-25
1.162348529992823813e+02 3.352986112224828829e-25
1.170413638089146957e+02 3.352802806321779646e-25
1.178534706998363788e+02 3.352628078077193763e-25
1.186712125011934233e+02 3.352461971955902731e-25
1.194946283115525034e+02 3.352304533658436590e-25
1.203237575007711939e+02 3.352155810134322565e-25
1.211586397118800136e+02 3.352015849595303868e-25
1.219993148629774993e+02 3.351884701529739965e-25
1.228458231491396191e+02 3.351762416717005459e-25
1.236982050443406962e+02 3.351649047243115906e-25
1.245565013033894104e+02 3.351544646516664481e-25
1.254207529638770353e+02 3.351449269285635685e-25
1.262910013481392184e+02 3.351362971655107095e-25
1.271672880652325262e+02 3.351285811106239103e-25
1.280496550129229547e+02 3.351217846515421708e-25
1.289381443796900157e+02 3.351159138175692382e-25
1.298327986467436119e+02 3.351109747818587411e-25
1.307336605900545976e+02 3.351069738637964941e-25
1.316407732824011134e+02 3.351039175315338261e-25
1.325541800954269434e+02 3.351018124046908036e-25
1.334739247017160153e+02 3.351006652573252267e-25
1.344000510768803451e+02 3.351004830210631174e-25
1.353326035016620494e+02 3.351012727886218966e-25
1.362716265640515019e+02 3.351030418175390888e-25
1.372171651614182508e+02 3.351057975343813268e-25
1.381692645026584785e+02 3.351095475393143152e-25
1.391279701103562729e+02 3.351142996112436901e-25
1.400933278229597363e+02 3.351200617135198858e-25
1.410653837969736628e+02 3.351268420003861802e-25
1.420441845091651771e+02 3.351346488242482097e-25
1.430297767587870794e+02 3.351434907439864584e-25
1.440222076698148612e+02 3.351533765344447481e-25
1.450215246931995523e+02 3.351643151974047633e-25
1.460277756091373931e+02 3.351763159743413591e-25
1.470410085293531779e+02 3.351893883613194262e-25
1.480612718994017030e+02 3.352035421265607361e-25
1.490886145009836525e+02 3.352187873312861445e-25
1.501230854542774296e+02 3.352351343546005770e-25
1.511647342202889490e+02 3.352525939235334763e-25
1.522136106032151304e+02 3.352711771494407854e-25
1.532697647528263190e+02 3.352908955725825863e-25
1.543332471668637140e+02 3.353117612171417460e-25
1.554041086934531677e+02 3.353337866597346658e-25
1.564824005335376569e+02 3.353569851154704625e-25
1.575681742433239378e+02 3.353813705471819900e-25
1.586614817367487831e+02 3.354069578054159671e-25
1.597623752879606513e+02 3.354337628098574895e-25
1.608709075338185528e+02 3.354618027872104594e-25
1.619871314764099282e+02 3.354910965870305101e-25
1.631111004855834778e+02 3.355216651067533651e-25
1.642428683015021704e+02 3.355535318722116677e-25
1.653824890372121104e+02 3.355867238433910374e-25
1.665300171812293968e+02 3.356212725527981766e-25
1.676855076001465932e+02 3.356572157457044075e-25
1.688490155412545448e+02 3.356945997957684257e-25
1.700205966351852851e+02 3.357334833510562000e-25
1.712003068985712559e+02 3.357739429925183120e-25
1.723882027367231728e+02 3.358160822991722503e-25
1.735843409463281262e+02 3.358600469135005223e-25
1.747887787181637407e+02 3.359060506746770719e-25
1.760015736398339357e+02 3.359544233101238439e-25
1.772227836985217664e+02 3.360057029575802694e-25
1.784524672837614503e+02 3.360608296820439327e-25
1.796906831902314536e+02 3.361215905955625414e-25
1.809374906205640059e+02 3.361917793980905071e-25
1.821929491881772094e+02 3.362807813182068666e-25
1.834571189201246852e+02 3.364178687428077411e-25
1.847300602599650858e+02 3.367401491137635938e-25
1.860118340706534639e+02 3.390232555928404329e-25
1.873025016374496374e+02 3.451670928540394093e-25
1.886021246708498609e+02 3.369653644318065233e-25
1.899107653095367994e+02 3.366562368535382778e-25
1.912284861233499385e+02 3.366311929646076970e-25
1.925553501162786176e+02 3.366622748948617260e-25
1.938914207294728271e+02 3.367121367491297974e-25
1.952367618442779644e+02 3.367705603486865214e-25
1.965914377852884911e+02 3.368338871345867491e-25
1.979555133234229061e+02 3.369005683144388116e-25
1.993290536790221097e+02 3.369698700726384889e-25
2.007121245249660717e+02 3.370414167846899937e-25
2.021047919898154817e+02 3.371150062042021131e-25
2.035071226609719020e+02 3.371905265668935650e-25
2.049191835878630457e+02 3.372679162841884257e-25
2.063410422851477790e+02 3.373471430295420997e-25
2.077727667359437476e+02 3.374281922908568903e-25
2.092144253950791892e+02 3.375110608173067981e-25
2.106660871923644152e+02 3.375957527225012887e-25
2.121278215358888133e+02 3.376822770902993787e-25
2.135996983153390261e+02 3.377706464615928642e-25
2.150817879053397235e+02 3.378608758540511592e-25
2.165741611688201260e+02 3.379529821132354183e-25
2.180768894604002526e+02 3.380469834748539463e-25
2.195900446298042823e+02 3.381428992645765724e-25
2.211136990252950341e+02 3.382407496891353458e-25
2.226479254971327464e+02 3.383405556892034273e-25
2.241927974010595221e+02 3.384423388346571197e-25
2.257483886018050612e+02 3.385461212494508503e-25
2.273147734766199335e+02 3.386519255573616318e-25
2.288920269188310215e+02 3.387597748426786950e-25
2.304802243414216605e+02 3.388696926217286072e-25
2.320794416806390643e+02 3.389817028223059580e-25
2.336897553996231522e+02 3.390958297689288488e-25
2.353112424920640535e+02 3.392120981724876089e-25
2.369439804858827756e+02 3.393305331231289681e-25
2.385880474469372530e+02 3.394511600856537669e-25
2.402435219827566755e+02 3.395740048968164415e-25
2.419104832462978152e+02 3.396990937640645359e-25
2.435890109397315086e+02 3.398264532654478767e-25
2.452791853182525017e+02 3.399561103503900830e-25
2.469810871939160108e+02 3.400880923411982041e-25
2.486947979395033599e+02 3.402224269350842486e-25
2.504203994924105814e+02 3.403591422066782625e-25
2.521579743585679125e+02 3.404982666108943316e-25
2.539076056163837620e+02 3.406398289860690134e-25
2.556693769207162745e+02 3.407838585574009441e-25
2.574433725068748231e+02 3.409303849405338918e-25
2.592296771946456033e+02 3.410794381453632009e-25
2.610283763923487186e+02 3.412310485799698861e-25
2.628395561009211860e+02 3.413852470547010218e-25
2.646633029180280232e+02 3.415420647863708485e-25
2.664997040422045984e+02 3.417015334025530722e-25
2.683488472770237649e+02 3.418636849459859834e-25
2.702108210352957371e+02 3.420285518790905799e-25
2.720857143432946259e+02 3.421961670885428267e-25
2.739736168450143055e+02 3.423665638899990511e-25
2.758746188064563967e+02 3.425397760328389250e-25
2.777888111199438299e+02 3.427158377050794906e-25
2.797162853084688550e+02 3.428947835383466743e-25
2.816571335300678243e+02 3.430766486129750043e-25
2.836114485822271263e+02 3.432614684632243716e-25
2.855793239063216902e+02 3.434492790826341315e-25
2.875608535920806617e+02 3.436401169295098147e-25
2.895561323820878670e+02 3.438340189326089393e-25
2.915652556763112102e+02 3.440310224969811505e-25
2.935883195366627092e+02 3.442311655100901132e-25
2.956254206915940017e+02 3.444344863481250440e-25
2.976766565407184544e+02 3.446410238827199927e-25
2.997421251594703904e+02 3.448508174879644271e-25
3.018219253037934777e+02 3.450639070479262122e-25
3.039161564148614616e+02 3.452803329647138953e-25
3.060249186238351058e+02 3.455001361672495206e-25
3.081483127566470444e+02 3.457233581208720970e-25
3.102864403388250025e+02 3.459500408380608616e-25
3.124394036003446899e+02 3.461802268905242746e-25
3.146073054805171409e+02 3.464139594230682817e-25
3.167902496329126620e+02 3.466512821697784626e-25
3.189883404303140537e+02 3.468922394732436348e-25
3.212016829697095091e+02 3.471368763078013912e-25
3.234303830773163213e+02 3.473852383082793509e-25
3.256745473136401188e+02 3.476373718061313706e-25
3.279342829785717299e+02 3.478933238759768354e-25
3.302096981165151988e+02 3.481531423966965643e-25
3.325009015215558748e+02 3.484168761335553712e-25
3.348080027426610741e+02 3.486845748510486499e-25
3.371311120889170638e+02 3.489562894718842199e-25
3.394703406348055523e+02 3.492320723067934008e-25
3.418258002255118981e+02 3.495119773963311115e-25
3.441976034822747579e+02 3.497960610353348428e-25
3.465858638077702949e+02 3.500843826066047667e-25
3.489906953915329382e+02 3.503770059607711875e-25
3.514122132154175802e+02 3.506740018107392497e-25
3.538505330590944027e+02 3.509754521278151085e-25
3.563057715055872450e+02 3.512814587880927853e-25
3.587780459468463619e+02 3.515921621127558336e-25
3.612674745893606314e+02 3.519077853432435521e-25
3.637741764598115992e+02 3.522287589209302995e-25
3.662982714107614584e+02 3.525561542732641526e-25
3.688398801263868449e+02 3.528938631534105095e-25
3.713991241282458873e+02 3.532723197153454102e-25
3.739761257810910138e+02 3.563756938609716826e-25
3.765710082987187093e+02 3.538925040395728932e-25
3.791838957498594596e+02 3.542303180478801065e-25
3.818149130641124316e+02 3.545823698718000520e-25
3.844641860379156242e+02 3.549403165456357747e-25
3.871318413405634260e+02 3.553034308214423220e-25
3.898180065202618039e+02 3.556716583966684360e-25
3.925228100102253848e+02 3.560450506509919673e-25
3.952463811348213767e+02 3.564236784668711358e-25
3.979888501157492442e+02 3.568076154175292756e-25
4.007503480782701786e+02 3.571969344204223352e-25
4.035310070574753354e+02 3.575917073722386979e-25
4.063309600045972161e+02 3.579920054206879860e-25
4.091503407933698213e+02 3.583978993095759679e-25
4.119892842264259230e+02 3.588094596711185496e-25
4.148479260417452679e+02 3.592267572505542710e-25
4.177264029191435384e+02 3.596498630738564931e-25
4.206248524868058780e+02 3.600788485725913313e-25
4.235434133278704962e+02 3.605137856775581324e-25
4.264822249870512110e+02 3.609547468900435801e-25
4.294414279773124008e+02 3.614018053368717480e-25
4.324211637865862485e+02 3.618550348138563408e-25
4.354215748845361418e+02 3.623145098207257790e-25
4.384428047293717441e+02 3.627803055898371738e-25
4.414849977747045386e+02 3.632524981103025683e-25
4.445482994764578280e+02 3.637311641487251629e-25
4.476328562998199914e+02 3.642163812674079524e-25
4.507388157262458321e+02 3.647082278406736739e-25
4.538663262605115847e+02 3.652067830699085178e-25
4.570155374378115312e+02 3.657121269975063833e-25
4.601865998309110068e+02 3.662243405203279669e-25
4.633796650573440843e+02 3.667435054026801495e-25
4.665948857866619051e+02 3.672697042892579588e-25
4.698324157477349559e+02 3.678030207181828223e-25
4.730924097361000236e+02 3.683435391344516462e-25
4.763750236213644484e+02 3.688913449040957367e-25
4.796804143546572732e+02 3.694465243293799419e-25
4.830087399761322331e+02 3.700091646655008242e-25
4.863601596225273056e+02 3.705793541394554578e-25
4.897348335347697343e+02 3.711571819718540569e-25
4.931329230656409663e+02 3.717427384028985392e-25
4.965545906874899629e+02 3.723361147243236463e-25
4.999999999999999432e+02 3.729374033197727404e-25
5.034693157380134494e+02 3.735466977175989908e-25
5.069627037794076045e+02 3.741640926622488749e-25
5.104803311530232008e+02 3.747896842139280286e-25
5.140223660466548381e+02 3.754235698929327123e-25
5.175889778150880147e+02 3.760658488963172976e-25
5.211803369882004517e+02 3.767166224365460619e-25
5.247966152791137802e+02 3.773759942945894081e-25
5.284379855924019012e+02 3.780440717698475530e-25
5.321046220323622720e+02 3.787209674108150187e-25
5.357966999113355087e+02 3.794068024018711048e-25
5.395143957580917231e+02 3.801017138143565559e-25
5.432578873262691559e+02 3.808058720699256450e-25
5.470273536028711305e+02 3.815195304475042092e-25
5.508229748168283777e+02 3.822432044650565822e-25
5.546449324476112679e+02 3.829786697439196804e-25
5.584934092339112794e+02 3.837459634493889633e-25
5.623685891823758993e+02 3.844573406750788529e-25
5.662706575764057106e+02 3.852165832734055519e-25
5.701998009850165090e+02 3.859885958201394299e-25
5.741562072717555338e+02 3.867697512448835567e-25
5.781400656036876171e+02 3.875606121281231052e-25
5.821515664604382891e+02 3.883614731940477735e-25
5.861909016432991848e+02 3.891725307180251188e-25
5.902582642844026850e+02 3.899939426746535208e-25
5.943538488559515827e+02 3.908258503859242040e-25
5.984778511795212808e+02 3.916683874177449798e-25
6.026304684354212213e+02 3.925216836723065089e-25
6.068118991721202065e+02 3.933858674490263585e-25
6.110223433157442514e+02 3.942610665618992703e-25
6.152620021796307128e+02 3.951474089841412006e-25
6.195310784739577912e+02 3.960450232409083915e-25
6.238297763154347422e+02 3.969540386605658092e-25
6.281583012370599590e+02 3.978745855432271813e-25
6.325168601979518144e+02 3.988067952791787986e-25
6.369056615932391878e+02 3.997508004361125826e-25
6.413249152640298689e+02 4.007067348266676959e-25
6.457748325074419427e+02 4.016747335635775274e-25
6.502556260867041829e+02 4.026549331070961600e-25
6.547675102413337527e+02 4.036474713083242918e-25
6.593107006973741591e+02 4.046524874510097684e-25
6.638854146777144933e+02 4.056701222943392519e-25
6.684918709124732459e+02 4.067005181193291500e-25
6.731302896494547667e+02 4.077438187821076539e-25
6.778008926646843975e+02 4.088001697786816289e-25
6.825039032730068129e+02 4.098697183281820946e-25
6.872395463387682639e+02 4.109526134859715768e-25
6.920080482865656677e+02 4.120490063060150500e-25
6.968096371120709591e+02 4.131590500871638666e-25
7.016445423929365006e+02 4.142829007687921652e-25
7.065129952997667715e+02 4.154207176061733394e-25
7.114152286071758908e+02 4.165726644052256862e-25
7.163514767049153988e+02 4.177389119677809892e-25
7.213219756090785495e+02 4.189196434390400126e-25
7.263269629733905504e+02 4.201150676211819375e-25
7.313666781005648545e+02 4.213254587521895291e-25
7.364413619537507429e+02 4.225513145072960831e-25
7.415512571680520750e+02 4.237944374113704682e-25
7.466966080621258470e+02 4.251491639861618841e-25
7.518776606498690853e+02 4.263068090060613436e-25
7.570946626521758844e+02 4.275960244302761064e-25
7.623478635087872135e+02 4.288989302806328514e-25
7.676375143902112086e+02 4.302172246653903825e-25
7.729638682097383935e+02 4.315514090589985632e-25
7.783271796355309107e+02 4.329017725748756747e-25
7.837277051027973584e+02 4.342685440394231686e-25
7.891657028260589186e+02 4.356519307963102737e-25
7.946414328114889258e+02 4.370521317811636544e-25
8.001551568693499803e+02 4.384693428006407248e-25
8.057071386265098454e+02 4.399037589615896432e-25
8.112976435390434062e+02 4.413555759097200553e-25
8.169269389049309211e+02 4.428249905188991152e-25
8.225952938768310787e+02 4.443122013068499090e-25
8.283029794749566008e+02 4.458174087068829535e-25
8.340502686000294261e+02 4.473408152611753857e-25
8.398374360463265020e+02 4.488826257715258175e-25
8.456647585148242570e+02 4.504430474290229332e-25
8.515325146264220848e+02 4.520222899378881364e-25
8.574409849352695119e+02 4.536205656466105770e-25
8.633904519421778332e+02 4.552380897020227773e-25
8.693812001081250855e+02 4.568750802489302461e-25
8.754135158678624293e+02 4.585317587146203248e-25
8.814876876436027260e+02 4.602083502522997997e-25
8.876040058588170041e+02 4.619050844977067992e-25
8.937627629521176686e+02 4.636221969852914705e-25
8.999642533912381168e+02 4.653599320895655865e-25
9.062087736871186507e+02 4.671185499518809854e-25
9.124966224080760639e+02 4.688983457466418395e-25
9.188281001940850956e+02 4.706997182002569038e-25
9.252035097711509479e+02 4.725235443496516452e-25
9.316231559657798016e+02 4.743780278724210224e-25
9.380873457195606306e+02 4.762230212409855197e-25
9.445963881038330783e+02 4.781156632654439459e-25
9.511505943344717480e+02 4.800276682348294440e-25
9.577502777867638315e+02 4.819618858992840599e-25
9.643957540103887141e+02 4.839189555311653533e-25
9.710873407445130852e+02 4.858992547038887867e-25
9.778253579329743843e+02 4.879030982005833148e-25
9.846101277395855504e+02 4.899307814694299687e-25
9.914419745635356094e+02 4.919825940767933799e-25
9.983212250548965585e+02 4.940588248757631771e-25
1.005248208130249395e+03 4.961597643293289300e-25
1.012223254988401777e+03 4.982857057003567747e-25
1.019246699126230965e+03 5.004369457414985269e-25
1.026318876354625900e+03 5.026137851510022907e-25
1.033440124814540923e+03 5.048165289202942903e-25
1.040610784993169545e+03 5.070454866443811950e-25
1.047831199740216334e+03 5.093009728478078140e-25
1.055101714284297032e+03 5.115833073864675152e-25
1.062422676249441338e+03 5.138928160232816645e-25
1.069794435671710517e+03 5.162298313768675565e-25
1.077217345015942101e+03 5.185946947111629932e-25
1.084691759192592144e+03 5.209877598179789729e-25
1.092218035574712985e+03 5.234094029278710991e-25
1.099796534015037196e+03 5.258600541310776805e-25
1.107427616863179537e+03 5.283403375445992810e-25
1.115111648982969200e+03 5.308523675995639310e-25
1.122848997769886864e+03 5.333729633718496087e-25
1.130640033168638411e+03 5.359526269721366636e-25
1.138485127690839818e+03 5.385538926904571050e-25
1.146384656432824158e+03 5.411854488682574298e-25
1.154338997093584794e+03 5.438482347392396682e-25
1.162348529992823842e+03 5.465427815813597707e-25
1.170413638089145707e+03 5.492695432707780640e-25
1.178534706998363845e+03 5.520289544965551208e-25
1.186712125011933040e+03 5.548214469352959776e-25
1.194946283115524921e+03 5.576474551178737382e-25
1.203237575007711939e+03 5.605074190245184018e-25
1.211586397118798914e+03 5.634017854607452143e-25
1.219993148629774851e+03 5.663310089414905306e-25
1.228458231491394827e+03 5.692955523960553174e-25
1.236982050443406933e+03 5.722958878765907513e-25
1.245565013033894047e+03 5.753324974547940542e-25
1.254207529638769074e+03 5.784058746271076645e-25
1.262910013481392070e+03 5.815165269981428839e-25
1.271672880652324011e+03 5.846649825016378769e-25
1.280496550129229490e+03 5.878518073703443202e-25
1.289381443796900385e+03 5.910776765245712741e-25
1.298327986467434812e+03 5.943438551946931353e-25
1.307336605900545919e+03 5.977590857029006055e-25
1.316407732824009827e+03 6.009873693781665408e-25
1.325541800954269320e+03 6.043749829878962397e-25
1.334739247017160324e+03 6.078031345174897601e-25
1.344000510768802087e+03 6.112732164320310630e-25
1.353326035016620381e+03 6.147859934379433523e-25
1.362716265640513711e+03 6.183421384956232123e-25
1.372171651614182565e+03 6.219423083816614998e-25
1.381692645026584842e+03 6.255871627850652627e-25
1.391279701103562729e+03 6.292773709958371267e-25
1.400933278229597590e+03 6.330136149408854332e-25
1.410653837969735150e+03 6.367965909776300705e-25
1.420441845091651885e+03 6.406270113167178880e-25
1.430297767587870794e+03 6.445056055658602227e-25
1.440222076698148840e+03 6.484331229979033311e-25
1.450215246931995580e+03 6.524103369529315816e-25
1.460277756091372339e+03 6.564380559985971558e-25
1.470410085293531665e+03 6.605171622857275521e-25
1.480612718994017087e+03 6.646488225276941500e-25
1.490886145009836582e+03 6.688384503539104792e-25
1.501230854542774523e+03 6.730641120556092512e-25
1.511647342202888012e+03 6.773584675246760802e-25
1.522136106032151247e+03 6.817065900523614495e-25
1.532697647528263133e+03 6.861108180207880321e-25
1.543332471668637027e+03 6.905722974552110738e-25
1.554041086934531677e+03 6.950920547489156509e-25
1.564824005335374977e+03 6.996711053418633470e-25
1.575681742433239378e+03 7.043104781737156721e-25
1.586614817367487831e+03 7.090112240060800500e-25
1.597623752879606627e+03 7.137744194450664552e-25
1.608709075338185585e+03 7.186011697703319436e-25
1.619871314764097406e+03 7.234926119032544891e-25
1.631111004855834835e+03 7.284499190041721876e-25
1.642428683015021534e+03 7.334743107245613788e-25
1.653824890372120990e+03 7.385670862462181259e-25
1.665300171812294138e+03 7.437297979094016884e-25
1.676855076001464113e+03 7.489673315181756334e-25
1.688490155412545391e+03 7.542623148501629532e-25
1.700205966351852794e+03 7.596429107790316152e-25
1.712003068985712616e+03 7.650967934377765322e-25
1.723882027367231785e+03 7.706267532552826311e-25
1.735843409463279386e+03 7.762344695436138221e-25
1.747887787181637350e+03 7.819215344973204429e-25
1.760015736398339186e+03 7.876895542449071868e-25
1.772227836985217436e+03 7.935401722588690375e-25
1.784524672837614617e+03 7.994750782752380778e-25
1.796906831902312661e+03 8.054960137666004231e-25
1.809374906205639945e+03 8.116047774460472985e-25
1.821929491881772037e+03 8.178032342373680217e-25
1.834571189201246852e+03 8.240933386569699499e-25
1.847300602599651029e+03 8.304772371250465615e-25
1.860118340706532763e+03 8.369583978287075905e-25
1.873025016374496317e+03 8.435265405002134724e-25
1.886021246708498438e+03 8.502063662689097234e-25
1.899107653095367823e+03 8.569853532499764859e-25
1.912284861233499214e+03 8.638683230541944140e-25
1.925553501162784187e+03 8.708578984028716247e-25
1.938914207294728385e+03 8.779566079111358228e-25
1.952367618442779758e+03 8.851670265657558748e-25
1.965914377852884854e+03 8.924918060179131645e-25
1.979555133234229061e+03 8.999336870110849443e-25
1.993290536790218994e+03 9.074955087424502864e-25
2.007121245249660660e+03 9.151802215805972604e-25
2.021047919898152713e+03 9.229909181857690269e-25
2.035071226609719133e+03 9.309309806135466644e-25
2.049191835878630627e+03 9.390066364272782977e-25
2.063410422851475687e+03 9.472058113704646775e-25
2.077727667359437419e+03 9.555540980497847108e-25
2.092144253950789789e+03 9.640438130602172009e-25
2.106660871923644208e+03 9.726798169847449395e-25
2.121278215358888247e+03 9.814661660929385908e-25
2.135996983153388101e+03 9.904069567740874399e-25
2.150817879053397064e+03 9.995064141601363461e-25
2.165741611688199100e+03 1.008768917942354792e-24
2.180768894604002526e+03 1.018199018566745750e-24
2.195900446298042880e+03 1.027801458057898722e-24
2.211136990252948181e+03 1.037581225616742407e-24
2.226479254971327464e+03 1.047543918501435660e-24
2.241927974010592607e+03 1.057668116398817078e-24
2.257483886018050725e+03 1.068031908771800593e-24
2.273147734766199392e+03 1.078573688780221179e-24
2.288920269188307884e+03 1.089319618363722312e-24
2.304802243414216719e+03 1.100276237928947050e-24
2.320794416806388199e+03 1.111450036287289308e-24
2.336897553996231636e+03 1.122847704263452189e-24
2.353112424920640478e+03 1.134476183093004251e-24
2.369439804858825028e+03 1.146342688832702730e-24
2.385880474469372530e+03 1.158454743915072301e-24
2.402435219827564197e+03 1.170820284101723050e-24
2.419104832462978266e+03 1.183448959567438388e-24
2.435890109397314973e+03 1.196338353576259429e-24
2.452791853182522573e+03 1.209514846592711421e-24
2.469810871939159824e+03 1.222976970242191358e-24
2.486947979395030870e+03 1.236735489746440735e-24
2.504203994924105700e+03 1.250800214080751940e-24
2.521579743585678898e+03 1.265181160116699800e-24
2.539076056163837620e+03 1.279888644552861228e-24
2.556693769207162859e+03 1.294933304066409660e-24
2.574433725068745844e+03 1.310326119004415923e-24
2.592296771946456374e+03 1.326078571870072089e-24
2.610283763923487186e+03 1.342208270951646492e-24
2.628395561009212088e+03 1.358702840719195852e-24
2.646633029180280118e+03 1.375603299527597174e-24
2.664997040422043483e+03 1.392909419122062704e-24
2.683488472770237877e+03 1.410633970128157792e-24
2.702108210352957030e+03 1.428789232986679661e-24
2.720857143432946032e+03 1.447387339053098745e-24
2.739736168450142941e+03 1.466440211954653542e-24
2.758746188064561011e+03 1.485959464841681177e-24
2.777888111199438299e+03 1.505956412170922092e-24
2.797162853084688322e+03 1.526449337317965898e-24
2.816571335300678584e+03 1.547417917943251599e-24
2.836114485822271490e+03 1.568904618092702655e-24
2.855793239063214060e+03 1.590901904666902228e-24
2.875608535920806389e+03 1.613414617377118534e-24
2.895561323820878897e+03 1.636444570572273099e-24
2.915652556763111988e+03 1.659998001244537357e-24
2.935883195366627206e+03 1.684062219083856237e-24
2.956254206915937175e+03 1.708626964243533807e-24
2.976766565407184771e+03 1.733678190910137981e-24
2.997421251594703790e+03 1.759183272031632284e-24
3.018219253037934777e+03 1.785128504753838384e-24
3.039161564148614616e+03 1.811464691882804221e-24
3.060249186238348102e+03 1.838142591323767087e-24
3.081483127566470557e+03 1.865099192975389268e-24
3.102864403388249684e+03 1.892256832622336504e-24
3.124394036003446672e+03 1.919521257192886077e-24
3.146073054805171523e+03 1.946779656135021730e-24
3.167902496329123551e+03 1.973902886595988517e-24
3.189883404303140651e+03 2.000714065257262590e-24
3.212016829697095091e+03 2.027056051997590111e-24
3.234303830773163099e+03 2.052709644161535789e-24
3.256745473136400960e+03 2.077439737494098034e-24
3.279342829785714002e+03 2.100983264098537510e-24
3.302096981165152101e+03 2.123050760784208605e-24
3.325009015215558520e+03 2.143329099473133343e-24
3.348080027426610741e+03 2.161487129755204135e-24
3.371311120889170525e+03 2.177169493939387302e-24
3.394703406348052340e+03 2.190042252033032116e-24
3.418258002255118754e+03 2.199753300426521956e-24
3.441976034822747806e+03 2.205980635202621941e-24
3.465858638077703290e+03 2.208435400224997689e-24
3.489906953915329723e+03 2.206878054593461479e-24
3.514122132154172050e+03 2.201133401198682266e-24
3.538505330590944141e+03 2.191106607512823696e-24
3.563057715055871995e+03 2.176773631452916110e-24
3.587780459468463505e+03 2.158236751823099208e-24
3.612674745893606541e+03 2.135667153045224870e-24
3.637741764598112240e+03 2.109336996805476697e-24
3.662982714107614811e+03 2.079601015149881618e-24
3.688398801263864698e+03 2.046883859429743558e-24
3.713991241282458759e+03 2.011664240607898266e-24
3.739761257810910138e+03 1.974449244392962819e-24
3.765710082987183341e+03 1.935782305253296223e-24
3.791838957498594937e+03 1.896183965385307764e-24
3.818149130641120337e+03 1.856169763371639849e-24
3.844641860379156242e+03 1.816224506976054978e-24
3.871318413405634146e+03 1.776794108677212394e-24
3.898180065202614060e+03 1.738279201068974357e-24
3.925228100102254302e+03 1.701025319759549649e-24
3.952463811348209674e+03 1.665342838210072647e-24
3.979888501157492556e+03 1.631472749397911771e-24
4.007503480782701899e+03 1.599617188663562915e-24
4.035310070574748806e+03 1.569931139076527893e-24
4.063309600045972275e+03 1.542527748396239781e-24
4.091503407933694234e+03 1.517483208731980055e-24
4.119892842264259343e+03 1.494834903856065827e-24
4.148479260417452679e+03 1.474602935665703878e-24
4.177264029191431291e+03 1.456771463040049039e-24
4.206248524868058666e+03 1.441308048796025968e-24
4.235434133278700756e+03 1.428162579230953555e-24
4.264822249870511769e+03 1.417271138178216112e-24
4.294414279773124690e+03 1.408554255288392856e-24
4.324211637865858393e+03 1.401939656933127440e-24
4.354215748845361304e+03 1.397329431739502276e-24
4.384428047293712552e+03 1.394633638881703547e-24
4.414849977747045159e+03 1.393758352896203668e-24
4.445482994764578507e+03 1.394609525456315106e-24
4.476328562998200141e+03 1.397078408553340616e-24
4.507388157262457753e+03 1.401119219582552086e-24
4.538663262605111413e+03 1.406600564026798190e-24
4.570155374378115084e+03 1.413452222922890292e-24
4.601865998309110182e+03 1.421594387416117014e-24
4.633796650573441184e+03 1.430951784259334680e-24
4.665948857866618710e+03 1.441449488709564545e-24
4.698324157477344670e+03 1.453031925167133143e-24
4.730924097361000349e+03 1.465628989315950780e-24
4.763750236213644712e+03 1.479186723623596805e-24
4.796804143546572959e+03 1.493653509676113460e-24
4.830087399761322558e+03 1.508982515895945363e-24
4.863601596225267713e+03 1.525128007341574288e-24
4.897348335347696775e+03 1.542055947613948250e-24
4.931329230656409891e+03 1.559728627513442511e-24
4.965545906874899629e+03 1.578115364589477026e-24
4.999999999999999091e+03 1.597188726207142684e-24
