5.000000000000000888e+00 7.806677778658333890e-24
5.034693157380139006e+00 7.510073688695842607e-24
5.069627037794075974e+00 7.230068234899298511e-24
5.104803311530234922e+00 6.965446073072808881e-24
5.140223660466546995e+00 6.715089115539828320e-24
5.175889778150882137e+00 6.477968964348150252e-24
5.211803369882009207e+00 6.253139890708457127e-24
5.247966152791137873e+00 6.039732306940232276e-24
5.284379855924021818e+00 5.836946734739195956e-24
5.321046220323622400e+00 5.644048169426776000e-24
5.357966999113356721e+00 5.460360902476894352e-24
5.395143957580921246e+00 5.285263692943125139e-24
5.432578873262690955e+00 5.118185315724072900e-24
5.470273536028714467e+00 4.958600447448765602e-24
5.508229748168283813e+00 4.806025861881949320e-24
5.546449324476114384e+00 4.660016907804521493e-24
5.584934092339116418e+00 4.520164308400394240e-24
5.623685891823758887e+00 4.386091151595474402e-24
5.662706575764059558e+00 4.257450176145699470e-24
5.701998009850164806e+00 4.133921240628745730e-24
5.741562072717556475e+00 4.015209027585869870e-24
5.781400656036880470e+00 3.901040919663780402e-24
5.821515664604382856e+00 3.791165061654088985e-24
5.861909016432995223e+00 3.685348585540327371e-24
5.902582642844026672e+00 3.582332389367198545e-24
5.943538488559517496e+00 3.482009718792432429e-24
5.984778511795218137e+00 3.385284871028941895e-24
6.026304684354212071e+00 3.291979980535912534e-24
6.068118991721204836e+00 3.201929432467149659e-24
6.110223433157442763e+00 3.114978843861096287e-24
6.152620021796308514e+00 3.030984139252838550e-24
6.195310784739581855e+00 2.949810705724784343e-24
6.238297763154347919e+00 2.871332615989969423e-24
6.281583012370603569e+00 2.795431928942562262e-24
6.325168601979518357e+00 2.721998040443765773e-24
6.369056615932393584e+00 2.650927104486626602e-24
6.413249152640303485e+00 2.582121490821252994e-24
6.457748325074419427e+00 2.515489299688599348e-24
6.502556260867045523e+00 2.450943916854645651e-24
6.547675102413337278e+00 2.388403605948491548e-24
6.593107006973743189e+00 2.327791135859102917e-24
6.638854146777149801e+00 2.269033445611903087e-24
6.684918709124731961e+00 2.211163598781222233e-24
6.731302896494550936e+00 2.155023445673069404e-24
6.778008926646843513e+00 2.100573534538018895e-24
6.825039032730071398e+00 2.047754080975116936e-24
6.872395463387687364e+00 1.996508168579960914e-24
6.920080482865659022e+00 1.946781543555930978e-24
6.968096371120712895e+00 1.898522437357359384e-24
7.016445423929364544e+00 1.851681415023598337e-24
7.065129952997670770e+00 1.806211206021030274e-24
7.114152286071764308e+00 1.762066587441799671e-24
7.163514767049155907e+00 1.719204241897089848e-24
7.213219756090789581e+00 1.677582652345252912e-24
7.263269629733905219e+00 1.637161988582512027e-24
7.313666781005652595e+00 1.597904016264369781e-24
7.364413619537513611e+00 1.559772004097669080e-24
7.415512571680523024e+00 1.522730639147660564e-24
7.466966080621261881e+00 1.486745954241816972e-24
7.518776606498691173e+00 1.451785253184742226e-24
7.570946626521762646e+00 1.417817047802056092e-24
7.623478635087869826e+00 1.384810998941425932e-24
7.676375143902114395e+00 1.352737857358943487e-24
7.729638682097387914e+00 1.321569411404248015e-24
7.783271796355308858e+00 1.291278441100826700e-24
7.837277051027977670e+00 1.261838672322693492e-24
7.891657028260587126e+00 1.233224731549232258e-24
7.946414328114890679e+00 1.205412111286688552e-24
8.001551568693503924e+00 1.178377126484081619e-24
8.057071386265098667e+00 1.152096886065799620e-24
8.112976435390438112e+00 1.126549260066783274e-24
8.169269389049306440e+00 1.101712843114665923e-24
8.225952938768314127e+00 1.077566928513609543e-24
8.283029794749570129e+00 1.054091483529714544e-24
8.340502686000293764e+00 1.031267121875162799e-24
8.398374360463268573e+00 1.009075075106799726e-24
8.456647585148241220e+00 9.874971754769858719e-25
8.515325146264222766e+00 9.665158278331634840e-25
8.574409849352699453e+00 9.461139960598718043e-25
8.633904519421777835e+00 9.262751738623330973e-25
8.693812001081255403e+00 9.069833729630372651e-25
8.754135158678622020e+00 8.882231000986354241e-25
8.814876876436029463e+00 8.699793406960983624e-25
8.876040058588174020e+00 8.522375435437392123e-25
8.937627629521175621e+00 8.349836020537842740e-25
8.999642533912386000e+00 8.182038422816644301e-25
9.062087736871186294e+00 8.018850027802170041e-25
9.124966224080763411e+00 7.860142238659081541e-25
9.188281001940856285e+00 7.705790359098482544e-25
9.252035097711509337e+00 7.555673389468399079e-25
9.316231559657802919e+00 7.409673976795086799e-25
9.380873457195605170e+00 7.267678242031459152e-25
9.445963881038332843e+00 7.129575682651155844e-25
9.511505943344722880e+00 6.995259043273509683e-25
9.577502777867637818e+00 6.864624220298496399e-25
9.643957540103892612e+00 6.737570147103157929e-25
9.710873407445131278e+00 6.613998702249414969e-25
9.778253579329746259e+00 6.493814581074216619e-25
9.846101277395861828e+00 6.376925243606801982e-25
9.914419745635354886e+00 6.263240791419907024e-25
9.983212250548969990e+00 6.152673880711874650e-25
1.005248208130249488e+01 6.048768985559672073e-25
1.012223254988401777e+01 5.948741386047769254e-25
1.019246699126231981e+01 5.851322042147600316e-25
1.026318876354625864e+01 5.756442548518294420e-25
1.033440124814541505e+01 5.664036391845579697e-25
1.040610784993169524e+01 5.574038909173655715e-25
1.047831199740216412e+01 5.486387206284822209e-25
1.055101714284298176e+01 5.401020108008927696e-25
1.062422676249441267e+01 5.317878114043441024e-25
1.069794435671711241e+01 5.236903315496896392e-25
1.077217345015942129e+01 5.158039371923697359e-25
1.084691759192592109e+01 5.081231453492075057e-25
1.092218035574714108e+01 5.006426171815129810e-25
1.099796534015037253e+01 4.933571569176168182e-25
1.107427616863180120e+01 4.862617037506222111e-25
1.115111648982969150e+01 4.793513305794911245e-25
1.122848997769887447e+01 4.726212374173769779e-25
1.130640033168639569e+01 4.660667493762294795e-25
1.138485127690839782e+01 4.596833117457752379e-25
1.146384656432824833e+01 4.534664862792719867e-25
1.154338997093584673e+01 4.474119492105014103e-25
1.162348529992824453e+01 4.415154856411179916e-25
1.170413638089146957e+01 4.357729867065930187e-25
1.178534706998363824e+01 4.301804483212788572e-25
1.186712125011933594e+01 4.247339669025313507e-25
1.194946283115524999e+01 4.194297361089415762e-25
1.203237575007712579e+01 4.142640442936222820e-25
1.211586397118800207e+01 4.092332728617015240e-25
1.219993148629774993e+01 4.043338928953512840e-25
1.228458231491395480e+01 3.995624624824177831e-25
1.236982050443406855e+01 3.949156247238388489e-25
1.245565013033894708e+01 3.903901060288370867e-25
1.254207529638770424e+01 3.859827132292378729e-25
1.262910013481392113e+01 3.816903314638431837e-25
1.271672880652324622e+01 3.775099224898956273e-25
1.280496550129229583e+01 3.734385231278642454e-25
1.289381443796900939e+01 3.694732430382254344e-25
1.298327986467436013e+01 3.656112623115139736e-25
1.307336605900545834e+01 3.618498312987907497e-25
1.316407732824010424e+01 3.581862672040246370e-25
1.325541800954269256e+01 3.546179540214470060e-25
1.334739247017160935e+01 3.511423399321908585e-25
1.344000510768803558e+01 3.477569363908295963e-25
1.353326035016620388e+01 3.444593167013200275e-25
1.362716265640514379e+01 3.412471137559056466e-25
1.372171651614182508e+01 3.381180204872542356e-25
1.381692645026585531e+01 3.350697862690489327e-25
1.391279701103562694e+01 3.321002178464199293e-25
1.400933278229597434e+01 3.292071762808389222e-25
1.410653837969735847e+01 3.263885772112634951e-25
1.420441845091651878e+01 3.236423883591894346e-25
1.430297767587871505e+01 3.209666298574883416e-25
1.440222076698148790e+01 3.183593715883406503e-25
1.450215246931995594e+01 3.158187332210790618e-25
1.460277756091373114e+01 3.133428825064988998e-25
1.470410085293531743e+01 3.109300349213513797e-25
1.480612718994017740e+01 3.085784517940120345e-25
1.490886145009836561e+01 3.062864399423155893e-25
1.501230854542774473e+01 3.040523506117573520e-25
1.511647342202888744e+01 3.018745779536944162e-25
1.522136106032151126e+01 2.997515589105703465e-25
1.532697647528264007e+01 2.976817715547993617e-25
1.543332471668636963e+01 2.956637349666602521e-25
1.554041086934531712e+01 2.936960074529824084e-25
1.564824005335375823e+01 2.917771863369428651e-25
1.575681742433239485e+01 2.899059066809614842e-25
1.586614817367488683e+01 2.880808407152487482e-25
1.597623752879606585e+01 2.863006968349653106e-25
1.608709075338185457e+01 2.845642188138463512e-25
1.619871314764099068e+01 2.828701849882343307e-25
1.631111004855834778e+01 2.812174074258967618e-25
1.642428683015022273e+01 2.796047311165500339e-25
1.653824890372121104e+01 2.780310335314948474e-25
1.665300171812294039e+01 2.764952232131091341e-25
1.676855076001465861e+01 2.749962394885446532e-25
1.688490155412545590e+01 2.735330516383114085e-25
1.700205966351853704e+01 2.721046582339325450e-25
1.712003068985712417e+01 2.707100860761988671e-25
1.723882027367231728e+01 2.693483900102108639e-25
1.735843409463281262e+01 2.680186516745064259e-25
1.747887787181637265e+01 2.667199792983091914e-25
1.760015736398340280e+01 2.654515068586827047e-25
1.772227836985217664e+01 2.642123931693872956e-25
1.784524672837614645e+01 2.630018216208033324e-25
1.796906831902314394e+01 2.618189993101158651e-25
1.809374906205639988e+01 2.606631565379400732e-25
1.821929491881772734e+01 2.595335460535312914e-25
1.834571189201246710e+01 2.584294425049572619e-25
1.847300602599650787e+01 2.573501419749553836e-25
1.860118340706534568e+01 2.562949612817017905e-25
1.873025016374496232e+01 2.552632373453266553e-25
1.886021246708499532e+01 2.542543268281817395e-25
1.899107653095367709e+01 2.532676053589742660e-25
1.912284861233499456e+01 2.523024672455339553e-25
1.925553501162785963e+01 2.513583247738692345e-25
1.938914207294728342e+01 2.504346077064674420e-25
1.952367618442780639e+01 2.495307628886211724e-25
1.965914377852884698e+01 2.486462536875168564e-25
1.979555133234229203e+01 2.477805595542146635e-25
1.993290536790221168e+01 2.469331754681557431e-25
2.007121245249660646e+01 2.461036116386413480e-25
2.021047919898153822e+01 2.452913929280042559e-25
2.035071226609719020e+01 2.444960583965282546e-25
2.049191835878630386e+01 2.437171610961694538e-25
2.063410422851477577e+01 2.429542674659502253e-25
2.077727667359437191e+01 2.422069568845436911e-25
2.092144253950791111e+01 2.414748214556562350e-25
2.106660871923644152e+01 2.407574654971175256e-25
2.121278215358888275e+01 2.400545053221820425e-25
2.135996983153390261e+01 2.393655686688334567e-25
2.150817879053397164e+01 2.386902944727365187e-25
2.165741611688200052e+01 2.380283325426039985e-25
2.180768894604002384e+01 2.373793431614147725e-25
2.195900446298042752e+01 2.367429968165592131e-25
2.211136990252950341e+01 2.361189738808149810e-25
2.226479254971327393e+01 2.355069642576847215e-25
2.241927974010593871e+01 2.349066671130226226e-25
2.257483886018050612e+01 2.343177906096931980e-25
2.273147734766199335e+01 2.337400516127067021e-25
2.288920269188310286e+01 2.331731754199627361e-25
2.304802243414216534e+01 2.326168954820727305e-25
2.320794416806389648e+01 2.320709531485924799e-25
2.336897553996231380e+01 2.315350974404482732e-25
2.353112424920640322e+01 2.310090847835790117e-25
2.369439804858827614e+01 2.304926788314365617e-25
2.385880474469372459e+01 2.299856501212251971e-25
2.402435219827565405e+01 2.294877759808108495e-25
2.419104832462978294e+01 2.289988402506840927e-25
2.435890109397316294e+01 2.285186330763659119e-25
2.452791853182525017e+01 2.280469507352862221e-25
2.469810871939160180e+01 2.275835954090812910e-25
2.486947979395032249e+01 2.271283750402386214e-25
2.504203994924105814e+01 2.266811030877033644e-25
2.521579743585680333e+01 2.262415984194644929e-25
2.539076056163837691e+01 2.258096850893343933e-25
2.556693769207162603e+01 2.253851921877576020e-25
2.574433725068747236e+01 2.249679536870258883e-25
2.592296771946456246e+01 2.245578082957315740e-25
2.610283763923488465e+01 2.241545992746854395e-25
2.628395561009211789e+01 2.237581743289865063e-25
2.646633029180280161e+01 2.233683854239920133e-25
2.664997040422045060e+01 2.229850887196364409e-25
2.683488472770237721e+01 2.226081443448110737e-25
2.702108210352958650e+01 2.222374163646592684e-25
2.720857143432946046e+01 2.218727725784177823e-25
2.739736168450142983e+01 2.215140844455409480e-25
2.758746188064564109e+01 2.211612269721640364e-25
2.777888111199438370e+01 2.208140785574452065e-25
2.797162853084689971e+01 2.204725209368196175e-25
2.816571335300678314e+01 2.201364390488901222e-25
2.836114485822271192e+01 2.198057209330569994e-25
2.855793239063217115e+01 2.194802576446029972e-25
2.875608535920806474e+01 2.191599431563471135e-25
2.895561323820880162e+01 2.188446742652281056e-25
2.915652556763112102e+01 2.185343504995850778e-25
2.935883195366627163e+01 2.182288740450501384e-25
2.956254206915940230e+01 2.179281496511124410e-25
2.976766565407184473e+01 2.176320845561621902e-25
2.997421251594705538e+01 2.173405884152849823e-25
3.018219253037934635e+01 2.170535732131191036e-25
3.039161564148614758e+01 2.167709532042926342e-25
3.060249186238350916e+01 2.164926448376380880e-25
3.081483127566470870e+01 2.162185666891161789e-25
3.102864403388251446e+01 2.159486394005487342e-25
3.124394036003446828e+01 2.156827856093902081e-25
3.146073054805171409e+01 2.154209298999712982e-25
3.167902496329126549e+01 2.151629987259783535e-25
3.189883404303140679e+01 2.149089203766167234e-25
3.212016829697096654e+01 2.146586249017231808e-25
3.234303830773163213e+01 2.144120440689855505e-25
3.256745473136400904e+01 2.141691113171615234e-25
3.279342829785717583e+01 2.139297616892177318e-25
3.302096981165151846e+01 2.136939318015098490e-25
3.325009015215560737e+01 2.134615597935457714e-25
3.348080027426610883e+01 2.132325852743090111e-25
3.371311120889170354e+01 2.130069492906692138e-25
3.394703406348055807e+01 2.127845942786242601e-25
3.418258002255118555e+01 2.125654640277112558e-25
3.441976034822749142e+01 2.123495036322118530e-25
3.465858638077703091e+01 2.121366594665351489e-25
3.489906953915329524e+01 2.119268791396758657e-25
3.514122132154175659e+01 2.117201114629014808e-25
3.538505330590944453e+01 2.115163064140995747e-25
3.563057715055874297e+01 2.113154151097457345e-25
3.587780459468464045e+01 2.111173897637062424e-25
3.612674745893606598e+01 2.109221836673515122e-25
3.637741764598116134e+01 2.107297511467231872e-25
3.662982714107614868e+01 2.105400475497489862e-25
3.688398801263866744e+01 2.103530292042740657e-25
3.713991241282458589e+01 2.101686533982264347e-25
3.739761257810909711e+01 2.099868783510024842e-25
3.765710082987187235e+01 2.098076631884880531e-25
3.791838957498595164e+01 2.096309679219622539e-25
3.818149130641122468e+01 2.094567534182004269e-25
3.844641860379156384e+01 2.092849813827209116e-25
3.871318413405634118e+01 2.091156143333042361e-25
3.898180065202618039e+01 2.089486155804096565e-25
3.925228100102253848e+01 2.087839492075656607e-25
3.952463811348211919e+01 2.086215800489450267e-25
3.979888501157492442e+01 2.084614736723876532e-25
4.007503480782702354e+01 2.083035963578229371e-25
4.035310070574752928e+01 2.081479150811920879e-25
4.063309600045972303e+01 2.079943974977220823e-25
4.091503407933696224e+01 2.078430119219765151e-25
4.119892842264259514e+01 2.076937273129303566e-25
4.148479260417452963e+01 2.075465132600250081e-25
4.177264029191434958e+01 2.074013399627054246e-25
4.206248524868058780e+01 2.072581782213026411e-25
4.235434133278702973e+01 2.071169994181862815e-25
4.264822249870512394e+01 2.069777755058876580e-25
4.294414279773126708e+01 2.068404789923073683e-25
4.324211637865862912e+01 2.067050829288080659e-25
4.354215748845361134e+01 2.065715608967839779e-25
4.384428047293715025e+01 2.064398869948217289e-25
4.414849977747045529e+01 2.063100358276459415e-25
4.445482994764580553e+01 2.061819824944281870e-25
4.476328562998200056e+01 2.060557025766224103e-25
4.507388157262457895e+01 2.059311721284318080e-25
4.538663262605113857e+01 2.058083676646948083e-25
4.570155374378115454e+01 2.056872661520237261e-25
4.601865998309111916e+01 2.055678449983020195e-25
4.633796650573440701e+01 2.054500820425864949e-25
4.665948857866618482e+01 2.053339555473076953e-25
4.698324157477347285e+01 2.052194441872882805e-25
4.730924097361000236e+01 2.051065270419644689e-25
4.763750236213646616e+01 2.049951835874756491e-25
4.796804143546572874e+01 2.048853936872159081e-25
4.830087399761322331e+01 2.047771375843076987e-25
4.863601596225270640e+01 2.046703958941197036e-25
4.897348335347697201e+01 2.045651495963623932e-25
4.931329230656412221e+01 2.044613800282095472e-25
4.965545906874899629e+01 2.043590688762865488e-25
4.999999999999999289e+01 2.042581981713021406e-25
5.034693157380139894e+01 2.041587502794423368e-25
5.069627037794075619e+01 2.040607078979380977e-25
5.104803311530231724e+01 2.039640540472580038e-25
5.140223660466548239e+01 2.038687720654108047e-25
5.175889778150880716e+01 2.037748456023074771e-25
5.211803369882010628e+01 2.036822586139576809e-25
5.247966152791137517e+01 2.035909953565261427e-25
5.284379855924019154e+01 2.035010403812752521e-25
5.321046220323622578e+01 2.034123785289220000e-25
5.357966999113354944e+01 2.033249949251907762e-25
5.395143957580922489e+01 2.032388749750243806e-25
5.432578873262691133e+01 2.031540043584103757e-25
5.470273536028711447e+01 2.030703690253781412e-25
5.508229748168283635e+01 2.029879551917768751e-25
5.546449324476112963e+01 2.029067493341798713e-25
5.584934092339118195e+01 2.028267381866434843e-25
5.623685891823758709e+01 2.027479087357321938e-25
5.662706575764056538e+01 2.026702482165671298e-25
5.701998009850164806e+01 2.025937441095936700e-25
5.741562072717555054e+01 2.025183841358554473e-25
5.781400656036881713e+01 2.024441562540359151e-25
5.821515664604383034e+01 2.023710486565481526e-25
5.861909016432991848e+01 2.022990497662757382e-25
5.902582642844026850e+01 2.022281482329407009e-25
5.943538488559515542e+01 2.021583329302121262e-25
5.984778511795219202e+01 2.020895929523360227e-25
6.026304684354212071e+01 2.020219176110425782e-25
6.068118991721201638e+01 2.019552964328772823e-25
6.110223433157442230e+01 2.018897191561364449e-25
6.152620021796307270e+01 2.018251757282017856e-25
6.195310784739583454e+01 2.017616563028449014e-25
6.238297763154347564e+01 2.016991512377219481e-25
6.281583012370606411e+01 2.016376510919231712e-25
6.325168601979518002e+01 2.015771466235166962e-25
6.369056615932391452e+01 2.015176287874164763e-25
6.413249152640305795e+01 2.014590887331113148e-25
6.457748325074419427e+01 2.014015178026969686e-25
6.502556260867048366e+01 2.013449075287240060e-25
6.547675102413337811e+01 2.012892496324279304e-25
6.593107006973741591e+01 2.012345360220241161e-25
6.638854146777151755e+01 2.011807587909482637e-25
6.684918709124731606e+01 2.011279102162323806e-25
6.731302896494554489e+01 2.010759827571765419e-25
6.778008926646843690e+01 2.010249690539899769e-25
6.825039032730067845e+01 2.009748619265578797e-25
6.872395463387690029e+01 2.009256543732924320e-25
6.920080482865657245e+01 2.008773395703484134e-25
6.968096371120716981e+01 2.008299108707545751e-25
7.016445423929364722e+01 2.007833618037778171e-25
7.065129952997666862e+01 2.007376860744500286e-25
7.114152286071765730e+01 2.006928775633736034e-25
7.163514767049153420e+01 2.006489303266556398e-25
7.213219756090792600e+01 2.006058385959802840e-25
7.263269629733905219e+01 2.005635967792652620e-25
7.313666781005647977e+01 2.005221994611646104e-25
7.364413619537515387e+01 2.004816414042184332e-25
7.415512571680521603e+01 2.004419175503412345e-25
7.466966080621266144e+01 2.004030230225175455e-25
7.518776606498691706e+01 2.003649531272804502e-25
7.570946626521758560e+01 2.003277033574583850e-25
7.623478635087872135e+01 2.002912693957514652e-25
7.676375143902112086e+01 2.002556471189721501e-25
7.729638682097392177e+01 2.002208326031810970e-25
7.783271796355309391e+01 2.001868221297697935e-25
7.837277051027973584e+01 2.001536121929327527e-25
7.891657028260588902e+01 2.001211995082707541e-25
7.946414328114889258e+01 2.000895810233973616e-25
8.001551568693507477e+01 2.000587539303687659e-25
8.057071386265099022e+01 2.000287156806913346e-25
8.112976435390434915e+01 1.999994640032265035e-25
8.169269389049308927e+01 1.999709969258170255e-25
8.225952938768311640e+01 1.999433128012637201e-25
8.283029794749575103e+01 1.999164103388780147e-25
8.340502686000294830e+01 1.998902886428264320e-25
8.398374360463265020e+01 1.998649472589591404e-25
8.456647585148242285e+01 1.998403862325107238e-25
8.515325146264220280e+01 1.998166061793130296e-25
8.574409849352703361e+01 1.997936083745468757e-25
8.633904519421778900e+01 1.997713948639969649e-25
8.693812001081251140e+01 1.997499686046688132e-25
8.754135158678624862e+01 1.997293336439997736e-25
8.814876876436026976e+01 1.997094953504431132e-25
8.876040058588178283e+01 1.996904607129999755e-25
8.937627629521176686e+01 1.996722387347710784e-25
8.999642533912381737e+01 1.996548409560729367e-25
9.062087736871187360e+01 1.996382821589689557e-25
9.124966224080760924e+01 1.996225813297319245e-25
9.188281001940860904e+01 1.996077629945241997e-25
9.252035097711508627e+01 1.995938591055771136e-25
9.316231559657798300e+01 1.995809117566101777e-25
9.380873457195606591e+01 1.995689771776955524e-25
9.445963881038331067e+01 1.995581317569320095e-25
9.511505943344727143e+01 1.995484813709742521e-25
9.577502777867637462e+01 1.995401763057467739e-25
9.643957540103887993e+01 1.995334360008864703e-25
9.710873407445130567e+01 1.995285918684267326e-25
9.778253579329744127e+01 1.995261652145896194e-25
9.846101277395865736e+01 1.995270179089381088e-25
9.914419745635355241e+01 1.995326662713060926e-25
9.983212250548965017e+01 1.995459995278320189e-25
1.005248208130249452e+02 1.995731396062085183e-25
1.012223254988401777e+02 1.996291415050527704e-25
1.019246699126232016e+02 1.997604291184724094e-25
1.026318876354625900e+02 2.001795602918991682e-25
1.033440124814540866e+02 2.034396860428197694e-25
1.040610784993169489e+02 2.170720015346776670e-25
1.047831199740216306e+02 2.003262047803667648e-25
1.055101714284298140e+02 1.996761272030232759e-25
1.062422676249441338e+02 1.995277234940007043e-25
1.069794435671710602e+02 1.994740810475558418e-25
1.077217345015942129e+02 1.994504022784340232e-25
1.084691759192592002e+02 1.994391977231743369e-25
1.092218035574714037e+02 1.994342492202116011e-25
1.099796534015037253e+02 1.994329283947925307e-25
1.107427616863179480e+02 1.994339832683810849e-25
1.115111648982969115e+02 1.994367630436172404e-25
1.122848997769886807e+02 1.994409062713630572e-25
1.130640033168639604e+02 1.994462016636477386e-25
1.138485127690839818e+02 1.994525207060700349e-25
1.146384656432825437e+02 1.994597828269417288e-25
1.154338997093584709e+02 1.994679363989432992e-25
1.162348529992823813e+02 1.994769478990219786e-25
1.170413638089146957e+02 1.994867954819038008e-25
1.178534706998363788e+02 1.994974650426713381e-25
1.186712125011934233e+02 1.995089477345325249e-25
1.194946283115525034e+02 1.995212383642835649e-25
1.203237575007711939e+02 1.995343343320689089e-25
1.211586397118800136e+02 1.995482349169360833e-25
1.219993148629774993e+02 1.995629407870239321e-25
1.228458231491396191e+02 1.995784536584466909e-25
1.236982050443406962e+02 1.995947760544924087e-25
1.245565013033894104e+02 1.996119111334551774e-25
1.254207529638770353e+02 1.996298625642125220e-25
1.262910013481392184e+02 1.996486344354095308e-25
1.271672880652325262e+02 1.996682311886300498e-25
1.280496550129229547e+02 1.996886575687966992e-25
1.289381443796900157e+02 1.997099185872029071e-25
1.298327986467436119e+02 1.997320194937684192e-25
1.307336605900545976e+02 1.997549657561770976e-25
1.316407732824011134e+02 1.997787630441458455e-25
1.325541800954269434e+02 1.998034172175577611e-25
1.334739247017160153e+02 1.998289343175694550e-25
1.344000510768803451e+02 1.998553205599113514e-25
1.353326035016620494e+02 1.998825823299922828e-25
1.362716265640515019e+02 1.999107261792768089e-25
1.372171651614182508e+02 1.999397588227619216e-25
1.381692645026584785e+02 1.999696871372440178e-25
1.391279701103562729e+02 2.000005181602604486e-25
1.400933278229597363e+02 2.000322590895251678e-25
1.410653837969736628e+02 2.000649172828019300e-25
1.420441845091651771e+02 2.000985002580992571e-25
1.430297767587870794e+02 2.001330156941576258e-25
1.440222076698148612e+02 2.001684714311470040e-25
1.450215246931995523e+02 2.002048754715706728e-25
1.460277756091373931e+02 2.002422359813360057e-25
1.470410085293531779e+02 2.002805612909677988e-25
1.480612718994017030e+02 2.003198598969470487e-25
1.490886145009836525e+02 2.003601404631856931e-25
1.501230854542774296e+02 2.004014118225876533e-25
1.511647342202889490e+02 2.004436829787635407e-25
1.522136106032151304e+02 2.004869631078255817e-25
1.532697647528263190e+02 2.005312615603088390e-25
1.543332471668637140e+02 2.005765878632229314e-25
1.554041086934531677e+02 2.006229517222400149e-25
1.564824005335376569e+02 2.006703630240242815e-25
1.575681742433239378e+02 2.007188318387437976e-25
1.586614817367487831e+02 2.007683684227654862e-25
1.597623752879606513e+02 2.008189832215782729e-25
1.608709075338185528e+02 2.008706868729808115e-25
1.619871314764099282e+02 2.009234902105815409e-25
1.631111004855834778e+02 2.009774042676590819e-25
1.642428683015021704e+02 2.010324402814687487e-25
1.653824890372121104e+02 2.010886096980927022e-25
1.665300171812293968e+02 2.011459241779216339e-25
1.676855076001465932e+02 2.012043956019572983e-25
1.688490155412545448e+02 2.012640360791063178e-25
1.700205966351852851e+02 2.013248579546851135e-25
1.712003068985712559e+02 2.013868738205067032e-25
1.723882027367231728e+02 2.014500965269350973e-25
1.735843409463281262e+02 2.015145391974375974e-25
1.747887787181637407e+02 2.015802152464380761e-25
1.760015736398339357e+02 2.016471384013806386e-25
1.772227836985217664e+02 2.017153227304465397e-25
1.784524672837614503e+02 2.017847826777350304e-25
1.796906831902314536e+02 2.018555331085883774e-25
1.809374906205640059e+02 2.019275893687836053e-25
1.821929491881772094e+02 2.020009673630394935e-25
1.834571189201246852e+02 2.020756836608052601e-25
1.847300602599650858e+02 2.021517556413027199e-25
1.860118340706534639e+02 2.022292016962299077e-25
1.873025016374496374e+02 2.023080415190020482e-25
1.886021246708498609e+02 2.023882965270929228e-25
1.899107653095367994e+02 2.024699904950505399e-25
1.912284861233499385e+02 2.025531505315979314e-25
1.925553501162786176e+02 2.026378086399230538e-25
1.938914207294728271e+02 2.027240043092911378e-25
1.952367618442779644e+02 2.028117890246118953e-25
1.965914377852884911e+02 2.029012345637944595e-25
1.979555133234229061e+02 2.029924493445433710e-25
1.993290536790221097e+02 2.030856135177894904e-25
2.007121245249660717e+02 2.031810631935536124e-25
2.021047919898154817e+02 2.032795256455416713e-25
2.035071226609719020e+02 2.033829377988621664e-25
2.049191835878630457e+02 2.034985213555126874e-25
2.063410422851477790e+02 2.036816732837260768e-25
2.077727667359437476e+02 2.178733544748424576e-25
2.092144253950791892e+02 2.037838270956891672e-25
2.106660871923644152e+02 2.038624459279479020e-25
2.121278215358888133e+02 2.039661747560933880e-25
2.135996983153390261e+02 2.040740456575501479e-25
2.150817879053397235e+02 2.041840028364567312e-25
2.165741611688201260e+02 2.042957035072965531e-25
2.180768894604002526e+02 2.044090969203812463e-25
2.195900446298042823e+02 2.045241965616667289e-25
2.211136990252950341e+02 2.046410307459123213e-25
2.226479254971327464e+02 2.047596302448312361e-25
2.241927974010595221e+02 2.048800251601839996e-25
2.257483886018050612e+02 2.050022443296453567e-25
2.273147734766199335e+02 2.051263154254396810e-25
2.288920269188310215e+02 2.052522652074552142e-25
2.304802243414216605e+02 2.053801197743268581e-25
2.320794416806390643e+02 2.055099047734733217e-25
2.336897553996231522e+02 2.056416455669773971e-25
2.353112424920640535e+02 2.057753673599633043e-25
2.369439804858827756e+02 2.059110952994567535e-25
2.385880474469372530e+02 2.060488545507850295e-25
2.402435219827566755e+02 2.061886703570629751e-25
2.419104832462978152e+02 2.063305680859656361e-25
2.435890109397315086e+02 2.064745732669941867e-25
2.452791853182525017e+02 2.066207116215459711e-25
2.469810871939160108e+02 2.067690090876033512e-25
2.486947979395033599e+02 2.069194918403133524e-25
2.504203994924105814e+02 2.070721863095379556e-25
2.521579743585679125e+02 2.072271191951302885e-25
2.539076056163837620e+02 2.073843174805630365e-25
2.556693769207162745e+02 2.075438084454817119e-25
2.574433725068748231e+02 2.077056196775680557e-25
2.592296771946456033e+02 2.078697790842008951e-25
2.610283763923487186e+02 2.080363149042926369e-25
2.628395561009211860e+02 2.082052557207736610e-25
2.646633029180280232e+02 2.083766304742321407e-25
2.664997040422045984e+02 2.085504684783472739e-25
2.683488472770237649e+02 2.087267994379413406e-25
2.702108210352957371e+02 2.089056534707666180e-25
2.720857143432946259e+02 2.090870611345182869e-25
2.739736168450143055e+02 2.092710534612945076e-25
2.758746188064563967e+02 2.094576620025837365e-25
2.777888111199438299e+02 2.096469188895585869e-25
2.797162853084688550e+02 2.098388569157637287e-25
2.816571335300678243e+02 2.100335096534331207e-25
2.836114485822271263e+02 2.102309116214049251e-25
2.855793239063216902e+02 2.104310985344787102e-25
2.875608535920806617e+02 2.106341076854051053e-25
2.895561323820878670e+02 2.108399785510520541e-25
2.915652556763112102e+02 2.110487537940771627e-25
2.935883195366627092e+02 2.112604809991258307e-25
2.956254206915940017e+02 2.114752158596392772e-25
2.976766565407184544e+02 2.116930284553411909e-25
2.997421251594703904e+02 2.119140167754979618e-25
3.018219253037934777e+02 2.121383394951322476e-25
3.039161564148614616e+02 2.123663095227098573e-25
3.060249186238351058e+02 2.125987353594938981e-25
3.081483127566470444e+02 2.128388296438096142e-25
3.102864403388250025e+02 2.131237879085432647e-25
3.124394036003446899e+02 2.133105787900741956e-25
3.146073054805171409e+02 2.135319707888319338e-25
3.167902496329126620e+02 2.137797659973830385e-25
3.189883404303140537e+02 2.140301956630467918e-25
3.212016829697095091e+02 2.142835036781135722e-25
3.234303830773163213e+02 2.145399452359925550e-25
3.256745473136401188e+02 2.147996719454898547e-25
3.279342829785717299e+02 2.150627841059731040e-25
3.302096981165151988e+02 2.153293568891151611e-25
3.325009015215558748e+02 2.155994524224176766e-25
3.348080027426610741e+02 2.158731256839194973e-25
3.371311120889170638e+02 2.161504275733904155e-25
3.394703406348055523e+02 2.164314066109798313e-25
3.418258002255118981e+02 2.167161099268032742e-25
3.441976034822747579e+02 2.170045838640414887e-25
3.465858638077702949e+02 2.172968743614448266e-25
3.489906953915329382e+02 2.175930272048698907e-25
3.514122132154175802e+02 2.178930881984810110e-25
3.538505330590944027e+02 2.181971032854165773e-25
3.563057715055872450e+02 2.185051186361035159e-25
3.587780459468463619e+02 2.188171807158496844e-25
3.612674745893606314e+02 2.191333363394695534e-25
3.637741764598115992e+02 2.194536327185516607e-25
3.662982714107614584e+02 2.197781175058540942e-25
3.688398801263868449e+02 2.201068388408567351e-25
3.713991241282458873e+02 2.204398454010078978e-25
3.739761257810910138e+02 2.207771864641503352e-25
3.765710082987187093e+02 2.211189119900843839e-25
3.791838957498594596e+02 2.214650727333078820e-25
3.818149130641124316e+02 2.218157204066086620e-25
3.844641860379156242e+02 2.221709079291387206e-25
3.871318413405634260e+02 2.225306898192398187e-25
3.898180065202618039e+02 2.228951228458705378e-25
3.925228100102253848e+02 2.232642671665251274e-25
3.952463811348213767e+02 2.236381884408139952e-25
3.979888501157492442e+02 2.240169620635447707e-25
4.007503480782701786e+02 2.244006824979745707e-25
4.035310070574753354e+02 2.247894866701927111e-25
4.063309600045972161e+02 2.251836243205791544e-25
4.091503407933698213e+02 2.255837393742828277e-25
4.119892842264259230e+02 2.259928063832018065e-25
4.148479260417452679e+02 2.265444143255696327e-25
4.177264029191435384e+02 2.267933217576150434e-25
4.206248524868058780e+02 2.272163070857202020e-25
4.235434133278704962e+02 2.276419983658523417e-25
4.264822249870512110e+02 2.280722004626756174e-25
4.294414279773124008e+02 2.285074454416055126e-25
4.324211637865862485e+02 2.289479606263607910e-25
4.354215748845361418e+02 2.293938793422728655e-25
4.384428047293717441e+02 2.298452986862187785e-25
4.414849977747045386e+02 2.303022996029441831e-25
4.445482994764578280e+02 2.307649551131232123e-25
4.476328562998199914e+02 2.312333341162870836e-25
4.507388157262458321e+02 2.317075033183249820e-25
4.538663262605115847e+02 2.321875282840466804e-25
4.570155374378115312e+02 2.326734740499839079e-25
4.601865998309110068e+02 2.331654055036110723e-25
4.633796650573440843e+02 2.336633876338533458e-25
4.665948857866619051e+02 2.341674857106352538e-25
4.698324157477349559e+02 2.346777654282954396e-25
4.730924097361000236e+02 2.351942930373610049e-25
4.763750236213644484e+02 2.357171354863799945e-25
4.796804143546572732e+02 2.362463605990837777e-25
4.830087399761322331e+02 2.367820373242150921e-25
4.863601596225273056e+02 2.373242361221973596e-25
4.897348335347697343e+02 2.378730296108136672e-25
4.931329230656409663e+02 2.384284937227628443e-25
4.965545906874899629e+02 2.389907099454424959e-25
4.999999999999999432e+02 2.395597700668723080e-25
5.034693157380134494e+02 2.401357874775897272e-25
5.069627037794076045e+02 2.407189287807303361e-25
5.104803311530232008e+02 2.413095264308930954e-25
5.140223660466548381e+02 2.419086933843697957e-25
5.175889778150880147e+02 2.425290819113752649e-25
5.211803369882004517e+02 2.431066929291673595e-25
5.247966152791137802e+02 2.437312339025742854e-25
5.284379855924019012e+02 2.443585647814109274e-25
5.321046220323622720e+02 2.449923968606549567e-25
5.357966999113355087e+02 2.456333932107429963e-25
5.395143957580917231e+02 2.462818055257919149e-25
5.432578873262691559e+02 2.469377806950373137e-25
5.470273536028711305e+02 2.476014292031845939e-25
5.508229748168283777e+02 2.482728464179053894e-25
5.546449324476112679e+02 2.489521207259190892e-25
5.584934092339112794e+02 2.496393371219038241e-25
5.623685891823758993e+02 2.503345789766432478e-25
5.662706575764057106e+02 2.510379289966764316e-25
5.701998009850165090e+02 2.517494698016705672e-25
5.741562072717555338e+02 2.524692843217152824e-25
5.781400656036876171e+02 2.531974561278164134e-25
5.821515664604382891e+02 2.539340697798162970e-25
5.861909016432991848e+02 2.546792112864232097e-25
5.902582642844026850e+02 2.554329688307276748e-25
5.943538488559515827e+02 2.561954340720641085e-25
5.984778511795212808e+02 2.569667047518066114e-25
6.026304684354212213e+02 2.577468905452864391e-25
6.068118991721202065e+02 2.585361282396893318e-25
6.110223433157442514e+02 2.593346300057367704e-25
6.152620021796307128e+02 2.601428971479001612e-25
6.195310784739577912e+02 2.609636351673743253e-25
6.238297763154347422e+02 2.617619172023563320e-25
6.281583012370599590e+02 2.626115089239089030e-25
6.325168601979518144e+02 2.634579195160212355e-25
6.369056615932391878e+02 2.643126247262824938e-25
6.413249152640298689e+02 2.651765992152287420e-25
6.457748325074419427e+02 2.660501476571543129e-25
6.502556260867041829e+02 2.669334394256467115e-25
6.547675102413337527e+02 2.678266022309854809e-25
6.593107006973741591e+02 2.687297478379099328e-25
6.638854146777144933e+02 2.696429811676860200e-25
6.684918709124732459e+02 2.705664041298199049e-25
6.731302896494547667e+02 2.715001174841091996e-25
6.778008926646843975e+02 2.724442218997429422e-25
6.825039032730068129e+02 2.733988187090300438e-25
6.872395463387682639e+02 2.743640106422786840e-25
6.920080482865656677e+02 2.753399028245942605e-25
6.968096371120709591e+02 2.763266045139053214e-25
7.016445423929365006e+02 2.773242327183260607e-25
7.065129952997667715e+02 2.783329210084630528e-25
7.114152286071758908e+02 2.793528454508717321e-25
7.163514767049153988e+02 2.803843257425807564e-25
7.213219756090785495e+02 2.814284951077272739e-25
7.263269629733905504e+02 2.825399822281450254e-25
7.313666781005648545e+02 2.835374510557881322e-25
7.364413619537507429e+02 2.846165700212150619e-25
7.415512571680520750e+02 2.857056584000054328e-25
7.466966080621258470e+02 2.868061554786318581e-25
7.518776606498690853e+02 2.879184246128802805e-25
7.570946626521758844e+02 2.890426592214646712e-25
7.623478635087872135e+02 2.901790060095253590e-25
7.676375143902112086e+02 2.913275951656769889e-25
7.729638682097383935e+02 2.924885503913695312e-25
7.783271796355309107e+02 2.936619930213316406e-25
7.837277051027973584e+02 2.948480441176726990e-25
7.891657028260589186e+02 2.960468259196235808e-25
7.946414328114889258e+02 2.972584634004204668e-25
8.001551568693499803e+02 2.984830868061015897e-25
8.057071386265098454e+02 2.997208371609127558e-25
8.112976435390434062e+02 3.009718811344706869e-25
8.169269389049309211e+02 3.022364628885651983e-25
8.225952938768310787e+02 3.035151792443153767e-25
8.283029794749566008e+02 3.048134651400083759e-25
8.340502686000294261e+02 3.061019062926144607e-25
8.398374360463265020e+02 3.074244683819597375e-25
8.456647585148242570e+02 3.087579548698241564e-25
8.515325146264220848e+02 3.101050024405085280e-25
8.574409849352695119e+02 3.114660754015647364e-25
8.633904519421778332e+02 3.128414016893883383e-25
8.693812001081250855e+02 3.142311528374109292e-25
8.754135158678624293e+02 3.156354822581237675e-25
8.814876876436027260e+02 3.170545370850323387e-25
8.876040058588170041e+02 3.184884630048890482e-25
8.937627629521176686e+02 3.199374070616352525e-25
8.999642533912381168e+02 3.214015204625609812e-25
9.062087736871186507e+02 3.228809634706195784e-25
9.124966224080760639e+02 3.243759177437028873e-25
9.188281001940850956e+02 3.258866282567043084e-25
9.252035097711509479e+02 3.274136199470761756e-25
9.316231559657798016e+02 3.289609136908626140e-25
9.380873457195606306e+02 3.305052461159206002e-25
9.445963881038330783e+02 3.320830808629175858e-25
9.511505943344717480e+02 3.336743305233521482e-25
9.577502777867638315e+02 3.352815962940390456e-25
9.643957540103887141e+02 3.369053404270271283e-25
9.710873407445130852e+02 3.385458083171530415e-25
9.778253579329743843e+02 3.402031954654974632e-25
9.846101277395855504e+02 3.418776824366198440e-25
9.914419745635356094e+02 3.435694459252538758e-25
9.983212250548965585e+02 3.452786640193031655e-25
1.005248208130249395e+03 3.470055209998094088e-25
1.012223254988401777e+03 3.487502163001475216e-25
1.019246699126230965e+03 3.505129912545175094e-25
1.026318876354625900e+03 3.522942497791844507e-25
1.033440124814540923e+03 3.540957490250013939e-25
1.040610784993169545e+03 3.558998537935548407e-25
1.047831199740216334e+03 3.577426776225056025e-25
1.055101714284297032e+03 3.595985476343870048e-25
1.062422676249441338e+03 3.614728898463677196e-25
1.069794435671710517e+03 3.633662901081484880e-25
1.077217345015942101e+03 3.652790406645100284e-25
1.084691759192592144e+03 3.672113750795971267e-25
1.092218035574712985e+03 3.691635114682577262e-25
1.099796534015037196e+03 3.711356658576626298e-25
1.107427616863179537e+03 3.731280598211355718e-25
1.115111648982969200e+03 3.751409314134820504e-25
1.122848997769886864e+03 3.771745672991430789e-25
1.130640033168638411e+03 3.792294625590973125e-25
1.138485127690839818e+03 3.813085484031811230e-25
1.146384656432824158e+03 3.833945828551558820e-25
1.154338997093584794e+03 3.855157357361952219e-25
1.162348529992823842e+03 3.876561408811015181e-25
1.170413638089145707e+03 3.898181285186483677e-25
1.178534706998363845e+03 3.920021828161050012e-25
1.186712125011933040e+03 3.942086126968361099e-25
1.194946283115524921e+03 3.964376903835653930e-25
1.203237575007711939e+03 3.986896813921584095e-25
1.211586397118798914e+03 4.009648574524601843e-25
1.219993148629774851e+03 4.032635129469876920e-25
1.228458231491394827e+03 4.055860183202704364e-25
1.236982050443406933e+03 4.079331702601985548e-25
1.245565013033894047e+03 4.103496103091286136e-25
1.254207529638769074e+03 4.126934213449700687e-25
1.262910013481392070e+03 4.151141459287269643e-25
1.271672880652324011e+03 4.175590388306372056e-25
1.280496550129229490e+03 4.200290379810024725e-25
1.289381443796900385e+03 4.225245622968844133e-25
1.298327986467434812e+03 4.250459541146428768e-25
1.307336605900545919e+03 4.275935421791501357e-25
1.316407732824009827e+03 4.301676629409050202e-25
1.325541800954269320e+03 4.327686862624212205e-25
1.334739247017160324e+03 4.353971143438352622e-25
1.344000510768802087e+03 4.380546086677827563e-25
1.353326035016620381e+03 4.407286053652157782e-25
1.362716265640513711e+03 4.434440619625254859e-25
1.372171651614182565e+03 4.461844829945404380e-25
1.381692645026584842e+03 4.489533399044237822e-25
1.391279701103562729e+03 4.517512619897910003e-25
1.400933278229597590e+03 4.545786892692472062e-25
1.410653837969735150e+03 4.574360316255788991e-25
1.420441845091651885e+03 4.603237060548598181e-25
1.430297767587870794e+03 4.632421732769449725e-25
1.440222076698148840e+03 4.661920945127905557e-25
1.450215246931995580e+03 4.691771676822587138e-25
1.460277756091372339e+03 4.721810557282780385e-25
1.470410085293531665e+03 4.752278857399730012e-25
1.480612718994017087e+03 4.783061066962789009e-25
1.490886145009836582e+03 4.814172903902321787e-25
1.501230854542774523e+03 4.845620537095951199e-25
1.511647342202888012e+03 4.877409164945503077e-25
1.522136106032151247e+03 4.909543937553683614e-25
1.532697647528263133e+03 4.942030412529752880e-25
1.543332471668637027e+03 4.974876107535141467e-25
1.554041086934531677e+03 5.008119832277020283e-25
1.564824005335374977e+03 5.041601695045088544e-25
1.575681742433239378e+03 5.075555493021721586e-25
1.586614817367487831e+03 5.109873942422705995e-25
1.597623752879606627e+03 5.144572537072598474e-25
1.608709075338185585e+03 5.179658506213173868e-25
1.619871314764097406e+03 5.215138298101240865e-25
1.631111004855834835e+03 5.251018499088142484e-25
1.642428683015021534e+03 5.287306739657554479e-25
1.653824890372120990e+03 5.324019213442266433e-25
1.665300171812294138e+03 5.361058073710735139e-25
1.676855076001464113e+03 5.398636209410033429e-25
1.688490155412545391e+03 5.436614828835868858e-25
1.700205966351852794e+03 5.475029557065176622e-25
1.712003068985712616e+03 5.513889945896139724e-25
1.723882027367231785e+03 5.553204147619986478e-25
1.735843409463279386e+03 5.592980463754504702e-25
1.747887787181637350e+03 5.633228670242812536e-25
1.760015736398339186e+03 5.673976355916298042e-25
1.772227836985217436e+03 5.715115938955829285e-25
1.784524672837614617e+03 5.756834094681676230e-25
1.796906831902312661e+03 5.799041155640369926e-25
1.809374906205639945e+03 5.841757837394047884e-25
1.821929491881772037e+03 5.884994997246344415e-25
1.834571189201246852e+03 5.928762919667032493e-25
1.847300602599651029e+03 5.973072746639847920e-25
1.860118340706532763e+03 6.017942646086803897e-25
1.873025016374496317e+03 6.063287944018124766e-25
1.886021246708498438e+03 6.109314725520568362e-25
1.899107653095367823e+03 6.155891186678153025e-25
1.912284861233499214e+03 6.203058580973274741e-25
1.925553501162784187e+03 6.250830953596891746e-25
1.938914207294728385e+03 6.299221352397937891e-25
1.952367618442779758e+03 6.348243943012724071e-25
1.965914377852884854e+03 6.397924736111514809e-25
1.979555133234229061e+03 6.448184019092181866e-25
1.993290536790218994e+03 6.499192261920602990e-25
2.007121245249660660e+03 6.550868792869363004e-25
2.021047919898152713e+03 6.603242234683920721e-25
2.035071226609719133e+03 6.656329504847954554e-25
2.049191835878630627e+03 6.710147444819604052e-25
2.063410422851475687e+03 6.764716501939618777e-25
2.077727667359437419e+03 6.819832305482771448e-25
2.092144253950789789e+03 6.876115664301425828e-25
2.106660871923644208e+03 6.933023502396926810e-25
2.121278215358888247e+03 6.990825260204353167e-25
2.135996983153388101e+03 7.049518643524481650e-25
2.150817879053397064e+03 7.109066535376970212e-25
2.165741611688199100e+03 7.169493128638357657e-25
2.180768894604002526e+03 7.230006394078796337e-25
2.195900446298042880e+03 7.293013486179310247e-25
2.211136990252948181e+03 7.356192517844081408e-25
2.226479254971327464e+03 7.420330881032604162e-25
2.241927974010592607e+03 7.485456418065910240e-25
2.257483886018050725e+03 7.551595890771971258e-25
2.273147734766199392e+03 7.618781923090384280e-25
2.288920269188307884e+03 7.686959538607987201e-25
2.304802243414216719e+03 7.756328984079825167e-25
2.320794416806388199e+03 7.826790339187617259e-25
2.336897553996231636e+03 7.898401341450342830e-25
2.353112424920640478e+03 7.971195110772323301e-25
2.369439804858825028e+03 8.045206211001104569e-25
2.385880474469372530e+03 8.120538784957525323e-25
2.402435219827564197e+03 8.196966923624246999e-25
2.419104832462978266e+03 8.274824042988757197e-25
2.435890109397314973e+03 8.354027224903750974e-25
2.452791853182522573e+03 8.434617958585334899e-25
2.469810871939159824e+03 8.516636512060102923e-25
2.486947979395030870e+03 8.600147490298144438e-25
2.504203994924105700e+03 8.685070878080298967e-25
2.521579743585678898e+03 8.771608076269833760e-25
2.539076056163837620e+03 8.859723428171838603e-25
2.556693769207162859e+03 8.949465182508462431e-25
2.574433725068745844e+03 9.040878413078986735e-25
2.592296771946456374e+03 9.134049190086321278e-25
2.610283763923487186e+03 9.228847127363645717e-25
2.628395561009212088e+03 9.325525158535055970e-25
2.646633029180280118e+03 9.424035013575559995e-25
2.664997040422043483e+03 9.524422499457793614e-25
2.683488472770237877e+03 9.626731210561994934e-25
2.702108210352957030e+03 9.730882739436720993e-25
2.720857143432946032e+03 9.837203814960844926e-25
2.739736168450142941e+03 9.945468100745981688e-25
2.758746188064561011e+03 1.005577263525903573e-24
2.777888111199438299e+03 1.016814073447871148e-24
2.797162853084688322e+03 1.028260574309938967e-24
2.816571335300678584e+03 1.039906880417018892e-24
2.836114485822271490e+03 1.051766434080599033e-24
2.855793239063214060e+03 1.063830112911900952e-24
2.875608535920806389e+03 1.076094953170687935e-24
2.895561323820878897e+03 1.088556252092867384e-24
2.915652556763111988e+03 1.101199326888510060e-24
2.935883195366627206e+03 1.114026252555600030e-24
2.956254206915937175e+03 1.127015171105853029e-24
2.976766565407184771e+03 1.140150276362467513e-24
2.997421251594703790e+03 1.153410742244383583e-24
3.018219253037934777e+03 1.166763239310227855e-24
3.039161564148614616e+03 1.180189019762026215e-24
3.060249186238348102e+03 1.193639675683527408e-24
3.081483127566470557e+03 1.207070878178540040e-24
3.102864403388249684e+03 1.220428835892375718e-24
3.124394036003446672e+03 1.233642622646739087e-24
3.146073054805171523e+03 1.246649612709699365e-24
3.167902496329123551e+03 1.259356030156364223e-24
3.189883404303140651e+03 1.271664887895109564e-24
3.212016829697095091e+03 1.283467100817917399e-24
3.234303830773163099e+03 1.294627740588068022e-24
3.256745473136400960e+03 1.305022748885520540e-24
3.279342829785714002e+03 1.314494779652656384e-24
3.302096981165152101e+03 1.322882752783938936e-24
3.325009015215558520e+03 1.330003572432839103e-24
3.348080027426610741e+03 1.335712647110362889e-24
3.371311120889170525e+03 1.339803476858876173e-24
3.394703406348052340e+03 1.342111363213453179e-24
3.418258002255118754e+03 1.342476523740449778e-24
3.441976034822747806e+03 1.340748274224518865e-24
3.465858638077703290e+03 1.336823848079796616e-24
3.489906953915329723e+03 1.330618686031128364e-24
3.514122132154172050e+03 1.322099083862757125e-24
3.538505330590944141e+03 1.311275022033760107e-24
3.563057715055871995e+03 1.298227603659671099e-24
3.587780459468463505e+03 1.283075277790393016e-24
3.612674745893606541e+03 1.266000938530876343e-24
3.637741764598112240e+03 1.247228620900201534e-24
3.662982714107614811e+03 1.227051034564712995e-24
3.688398801263864698e+03 1.205759619694583001e-24
3.713991241282458759e+03 1.183688061484494866e-24
3.739761257810910138e+03 1.161164295455805409e-24
3.765710082987183341e+03 1.138556126733937361e-24
3.791838957498594937e+03 1.116159639317727404e-24
3.818149130641120337e+03 1.094286267578162936e-24
3.844641860379156242e+03 1.073202749535191706e-24
3.871318413405634146e+03 1.053166542660720178e-24
3.898180065202614060e+03 1.034363350032200922e-24
3.925228100102254302e+03 1.016961256349279243e-24
3.952463811348209674e+03 1.001081620676234566e-24
3.979888501157492556e+03 9.868207719295625198e-25
4.007503480782701899e+03 9.742269026895202767e-25
4.035310070574748806e+03 9.633256941095186018e-25
4.063309600045972275e+03 9.541111259081891147e-25
4.091503407933694234e+03 9.465630516286872919e-25
4.119892842264259343e+03 9.406341981477908831e-25
4.148479260417452679e+03 9.362683711064785823e-25
4.177264029191431291e+03 9.333875714668936786e-25
4.206248524868058666e+03 9.319238567352900615e-25
4.235434133278700756e+03 9.317910249031476193e-25
4.264822249870511769e+03 9.329015548101738485e-25
4.294414279773124690e+03 9.351764803508944807e-25
4.324211637865858393e+03 9.385273523906666741e-25
4.354215748845361304e+03 9.428753683678332880e-25
4.384428047293712552e+03 9.481374228444678387e-25
4.414849977747045159e+03 9.542470565381852082e-25
4.445482994764578507e+03 9.611327827658744719e-25
4.476328562998200141e+03 9.687284614977525361e-25
4.507388157262457753e+03 9.769799769562348147e-25
4.538663262605111413e+03 9.858302997325652148e-25
4.570155374378115084e+03 9.952227808653688769e-25
4.601865998309110182e+03 1.005135448167674937e-24
4.633796650573441184e+03 1.015506831542099397e-24
4.665948857866618710e+03 1.026308843003148078e-24
4.698324157477344670e+03 1.037503351465898493e-24
4.730924097361000349e+03 1.049068678432834191e-24
4.763750236213644712e+03 1.060976742459250802e-24
4.796804143546572959e+03 1.073201900718580626e-24
4.830087399761322558e+03 1.085728781238897579e-24
4.863601596225267713e+03 1.098537872368746533e-24
4.897348335347696775e+03 1.111611575194272869e-24
4.931329230656409891e+03 1.124940886912401870e-24
4.965545906874899629e+03 1.138512264990267161e-24
4.999999999999999091e+03 1.152313887832557804e-24
