5.000000000000000888e+00 7.243142282202788833e-24
5.034693157380139006e+00 7.004938953304341324e-24
5.069627037794075974e+00 6.778569305903616231e-24
5.104803311530234922e+00 6.563189095289926717e-24
5.140223660466546995e+00 6.358024220735655733e-24
5.175889778150882137e+00 6.162364949210567063e-24
5.211803369882009207e+00 5.975560577616185299e-24
5.247966152791137873e+00 5.797014475039859681e-24
5.284379855924021818e+00 5.626179520615208362e-24
5.321046220323622400e+00 5.462553882312835661e-24
5.357966999113356721e+00 5.305677120792896493e-24
5.395143957580921246e+00 5.155126620233567617e-24
5.432578873262690955e+00 5.010514300298761027e-24
5.470273536028714467e+00 4.871483591892152696e-24
5.508229748168283813e+00 4.737706675334033307e-24
5.546449324476114384e+00 4.608881942576028449e-24
5.584934092339116418e+00 4.484731696797794341e-24
5.623685891823758887e+00 4.365000009303564965e-24
5.662706575764059558e+00 4.249450807037141775e-24
5.701998009850164806e+00 4.137866109550038197e-24
5.741562072717556475e+00 4.030044416273142516e-24
5.781400656036880470e+00 3.925799245949031854e-24
5.821515664604382856e+00 3.824957812104148911e-24
5.861909016432995223e+00 3.727359806055786733e-24
5.902582642844026672e+00 3.631826926137928026e-24
5.943538488559517496e+00 3.538319155765167665e-24
5.984778511795218137e+00 3.447783155002083267e-24
6.026304684354212071e+00 3.360091287273699610e-24
6.068118991721204836e+00 3.275124050233355435e-24
6.110223433157442763e+00 3.192769411340455618e-24
6.152620021796308514e+00 3.112922179813257590e-24
6.195310784739581855e+00 3.035483462618058936e-24
6.238297763154347919e+00 2.960360146934614737e-24
6.281583012370603569e+00 2.887464443714626861e-24
6.325168601979518357e+00 2.816713465134107491e-24
6.369056615932393584e+00 2.748028844596094316e-24
6.413249152640303485e+00 2.681336379959821571e-24
6.457748325074419427e+00 2.616565729900090098e-24
6.502556260867045523e+00 2.553650115565501817e-24
6.547675102413337278e+00 2.492526060269108993e-24
6.593107006973743189e+00 2.433133156245201859e-24
6.638854146777149801e+00 2.375413831694661003e-24
6.684918709124731961e+00 2.318456960754803876e-24
6.731302896494550936e+00 2.263078175672564861e-24
6.778008926646843513e+00 2.209248929585102451e-24
6.825039032730071398e+00 2.156920482973910084e-24
6.872395463387687364e+00 2.106046107969769166e-24
6.920080482865659022e+00 2.056580961550709960e-24
6.968096371120712895e+00 2.008481980362157353e-24
7.016445423929364544e+00 1.961707769105765567e-24
7.065129952997670770e+00 1.916218500839124597e-24
7.114152286071764308e+00 1.871975835839513721e-24
7.163514767049155907e+00 1.828942836741178484e-24
7.213219756090789581e+00 1.787083888780824186e-24
7.263269629733905219e+00 1.746364643738738443e-24
7.313666781005652595e+00 1.706751943012060866e-24
7.364413619537513611e+00 1.668213766515855915e-24
7.415512571680523024e+00 1.630719175351943196e-24
7.466966080621261881e+00 1.594238262348523672e-24
7.518776606498691173e+00 1.558742107222205613e-24
7.570946626521762646e+00 1.524202728135582279e-24
7.623478635087869826e+00 1.490593047268288998e-24
7.676375143902114395e+00 1.457886853092516471e-24
7.729638682097387914e+00 1.426058755762923565e-24
7.783271796355308858e+00 1.395084166824530899e-24
7.837277051027977670e+00 1.364939261148942946e-24
7.891657028260587126e+00 1.335600946330711872e-24
7.946414328114890679e+00 1.307046840800700765e-24
8.001551568693503924e+00 1.279255244617117709e-24
8.057071386265098667e+00 1.252205114223482921e-24
8.112976435390438112e+00 1.225876042020651906e-24
8.169269389049306440e+00 1.200248230798901033e-24
8.225952938768314127e+00 1.175302476024942602e-24
8.283029794749570129e+00 1.151020143856357009e-24
8.340502686000293764e+00 1.127383150264083348e-24
8.398374360463268573e+00 1.104373948203534893e-24
8.456647585148241220e+00 1.081975504663511615e-24
8.515325146264222766e+00 1.060171285588180237e-24
8.574409849352699453e+00 1.038945240634216934e-24
8.633904519421777835e+00 1.018281786096482624e-24
8.693812001081255403e+00 9.981657911146626021e-25
8.754135158678622020e+00 9.785825621738434539e-25
8.814876876436029463e+00 9.595178294414409928e-25
8.876040058588174020e+00 9.409577356821250656e-25
8.937627629521175621e+00 9.228888171147153371e-25
8.999642533912386000e+00 9.052979969660887561e-25
9.062087736871186294e+00 8.881725710948761141e-25
9.124966224080763411e+00 8.715001951557086031e-25
9.188281001940856285e+00 8.552688746152410356e-25
9.252035097711509337e+00 8.394669524509254387e-25
9.316231559657802919e+00 8.240831000189932737e-25
9.380873457195605170e+00 8.091063051712485963e-25
9.445963881038332843e+00 7.945258633033741411e-25
9.511505943344722880e+00 7.803313661198624033e-25
9.577502777867637818e+00 7.665126930543388692e-25
9.643957540103892612e+00 7.530600038412484425e-25
9.710873407445131278e+00 7.399637265258416268e-25
9.778253579329746259e+00 7.272145507553704833e-25
9.846101277395861828e+00 7.148034200773812443e-25
9.914419745635354886e+00 7.027215209030671892e-25
9.983212250548969990e+00 6.909602795696437016e-25
1.005248208130249488e+01 6.798342447883283098e-25
1.012223254988401777e+01 6.690942725639491556e-25
1.019246699126231981e+01 6.586266615595692316e-25
1.026318876354625864e+01 6.484246235066077405e-25
1.033440124814541505e+01 6.384815454528441509e-25
1.040610784993169524e+01 6.287909827264925360e-25
1.047831199740216412e+01 6.193466559565128510e-25
1.055101714284298176e+01 6.101424446150018601e-25
1.062422676249441267e+01 6.011723818944976724e-25
1.069794435671711241e+01 5.924306500105537976e-25
1.077217345015942129e+01 5.839115772848978618e-25
1.084691759192592109e+01 5.756096318071362207e-25
1.092218035574714108e+01 5.675194173581044706e-25
1.099796534015037253e+01 5.596356703913065043e-25
1.107427616863180120e+01 5.519532560937578203e-25
1.115111648982969150e+01 5.444671627687384636e-25
1.122848997769887447e+01 5.371725011054469054e-25
1.130640033168639569e+01 5.300644978208368748e-25
1.138485127690839782e+01 5.231384941058959445e-25
1.146384656432824833e+01 5.163899421689181511e-25
1.154338997093584673e+01 5.098144013557531139e-25
1.162348529992824453e+01 5.034075363134919237e-25
1.170413638089146957e+01 4.971651125958370632e-25
1.178534706998363824e+01 4.910829957323359704e-25
1.186712125011933594e+01 4.851571470757461244e-25
1.194946283115524999e+01 4.793836224078494296e-25
1.203237575007712579e+01 4.737585683884447695e-25
1.211586397118800207e+01 4.682782216562256023e-25
1.219993148629774993e+01 4.629389051415805654e-25
1.228458231491395480e+01 4.577370265584324787e-25
1.236982050443406855e+01 4.526690770547374933e-25
1.245565013033894708e+01 4.477316278262206074e-25
1.254207529638770424e+01 4.429213294660691407e-25
1.262910013481392113e+01 4.382349092410463676e-25
1.271672880652324622e+01 4.336691700456931322e-25
1.280496550129229583e+01 4.292209879195538314e-25
1.289381443796900939e+01 4.248873115315752974e-25
1.298327986467436013e+01 4.206651595623964998e-25
1.307336605900545834e+01 4.165516198006586097e-25
1.316407732824010424e+01 4.125438472288627850e-25
1.325541800954269256e+01 4.086390631967788893e-25
1.334739247017160935e+01 4.048345537635337236e-25
1.344000510768803558e+01 4.011276678926350885e-25
1.353326035016620388e+01 3.975158173753328128e-25
1.362716265640514379e+01 3.939964741191618162e-25
1.372171651614182508e+01 3.905671703256306621e-25
1.381692645026585531e+01 3.872254962358611546e-25
1.391279701103562694e+01 3.839690998824486901e-25
1.400933278229597434e+01 3.807956849103331718e-25
1.410653837969735847e+01 3.777030107833868152e-25
1.420441845091651878e+01 3.746888905750055219e-25
1.430297767587871505e+01 3.717511905773819040e-25
1.440222076698148790e+01 3.688878290159817694e-25
1.450215246931995594e+01 3.660967753730383525e-25
1.460277756091373114e+01 3.633760490779006300e-25
1.470410085293531743e+01 3.607237185546406345e-25
1.480612718994017740e+01 3.581379004389538118e-25
1.490886145009836561e+01 3.556167585257337856e-25
1.501230854542774473e+01 3.531585029796580145e-25
1.511647342202888744e+01 3.507613892612978919e-25
1.522136106032151126e+01 3.484237175829522893e-25
1.532697647528264007e+01 3.461438313809013998e-25
1.543332471668636963e+01 3.439201170892018603e-25
1.554041086934531712e+01 3.417510029440543915e-25
1.564824005335375823e+01 3.396349582655472247e-25
1.575681742433239485e+01 3.375704924789309644e-25
1.586614817367488683e+01 3.355561544400367270e-25
1.597623752879606585e+01 3.335905315850136638e-25
1.608709075338185457e+01 3.316722488916878666e-25
1.619871314764099068e+01 3.297999684908787321e-25
1.631111004855834778e+01 3.279723885071442035e-25
1.642428683015022273e+01 3.261882424496509392e-25
1.653824890372121104e+01 3.244462984595331981e-25
1.665300171812294039e+01 3.227453583147163380e-25
1.676855076001465861e+01 3.210842570013402071e-25
1.688490155412545590e+01 3.194618617289194621e-25
1.700205966351853704e+01 3.178770712917491907e-25
1.712003068985712417e+01 3.163288152237108819e-25
1.723882027367231728e+01 3.148160532949303825e-25
1.735843409463281262e+01 3.133377745627743537e-25
1.747887787181637265e+01 3.118929968281232934e-25
1.760015736398340280e+01 3.104807659091070447e-25
1.772227836985217664e+01 3.091001548490827841e-25
1.784524672837614645e+01 3.077502633794256538e-25
1.796906831902314394e+01 3.064302172517561810e-25
1.809374906205639988e+01 3.051391675010776956e-25
1.821929491881772734e+01 3.038762898509234744e-25
1.834571189201246710e+01 3.026407841165424641e-25
1.847300602599650787e+01 3.014318734859720786e-25
1.860118340706534568e+01 3.002488040484373505e-25
1.873025016374496232e+01 2.990908440087315976e-25
1.886021246708499532e+01 2.979572833431365069e-25
1.899107653095367709e+01 2.968474330224695471e-25
1.912284861233499456e+01 2.957606244829137427e-25
1.925553501162785963e+01 2.946962091710120961e-25
1.938914207294728342e+01 2.936535578599122328e-25
1.952367618442780639e+01 2.926320602073661528e-25
1.965914377852884698e+01 2.916311242599782537e-25
1.979555133234229203e+01 2.906501758215598235e-25
1.993290536790221168e+01 2.896886580677931305e-25
2.007121245249660646e+01 2.887460309853331818e-25
2.021047919898153822e+01 2.878217709550768380e-25
2.035071226609719020e+01 2.869153701966802030e-25
2.049191835878630386e+01 2.860263364306463344e-25
2.063410422851477577e+01 2.851541923029186463e-25
2.077727667359437191e+01 2.842984750544162487e-25
2.092144253950791111e+01 2.834587360323224468e-25
2.106660871923644152e+01 2.826345403042520468e-25
2.121278215358888275e+01 2.818254662565106408e-25
2.135996983153390261e+01 2.810311051498962764e-25
2.150817879053397164e+01 2.802510607936283438e-25
2.165741611688200052e+01 2.794849491655890192e-25
2.180768894604002384e+01 2.787323979778846131e-25
2.195900446298042752e+01 2.779930464429778014e-25
2.211136990252950341e+01 2.772665448068682830e-25
2.226479254971327393e+01 2.765525540643292736e-25
2.241927974010593871e+01 2.758507456428692371e-25
2.257483886018050612e+01 2.751608010854792308e-25
2.273147734766199335e+01 2.744824116657329377e-25
2.288920269188310286e+01 2.738152782037204608e-25
2.304802243414216534e+01 2.731591106877128484e-25
2.320794416806389648e+01 2.725136279991562931e-25
2.336897553996231380e+01 2.718785576839883380e-25
2.353112424920640322e+01 2.712536356144971926e-25
2.369439804858827614e+01 2.706386057964205842e-25
2.385880474469372459e+01 2.700332200410265474e-25
2.402435219827565405e+01 2.694372377997848736e-25
2.419104832462978294e+01 2.688504258457662648e-25
2.435890109397316294e+01 2.682725581086726297e-25
2.452791853182525017e+01 2.677034154209138656e-25
2.469810871939160180e+01 2.671427852756523205e-25
2.486947979395032249e+01 2.665904616554669148e-25
2.504203994924105814e+01 2.660462448064264337e-25
2.521579743585680333e+01 2.655099410406137303e-25
2.539076056163837691e+01 2.649813625396949269e-25
2.556693769207162603e+01 2.644603271750817273e-25
2.574433725068747236e+01 2.639466583212814190e-25
2.592296771946456246e+01 2.634401846911828858e-25
2.610283763923488465e+01 2.629407401385994078e-25
2.628395561009211789e+01 2.624481635246391530e-25
2.646633029180280161e+01 2.619622985334078208e-25
2.664997040422045060e+01 2.614829935433192396e-25
2.683488472770237721e+01 2.610101014331424725e-25
2.702108210352958650e+01 2.605434794872645952e-25
2.720857143432946046e+01 2.600829892245188817e-25
2.739736168450142983e+01 2.596284962710833756e-25
2.758746188064564109e+01 2.591798702202451032e-25
2.777888111199438370e+01 2.587369845203770684e-25
2.797162853084689971e+01 2.582997163329658107e-25
2.816571335300678314e+01 2.578679464269187593e-25
2.836114485822271192e+01 2.574415590529569674e-25
2.855793239063217115e+01 2.570204418499309220e-25
2.875608535920806474e+01 2.566044857068133284e-25
2.895561323820880162e+01 2.561935846791891907e-25
2.915652556763112102e+01 2.557876358858897261e-25
2.935883195366627163e+01 2.553865394058008127e-25
2.956254206915940230e+01 2.549901981835812256e-25
2.976766565407184473e+01 2.545985179378986343e-25
2.997421251594705538e+01 2.542114070753927376e-25
3.018219253037934635e+01 2.538287766005526833e-25
3.039161564148614758e+01 2.534505400350250749e-25
3.060249186238350916e+01 2.530766133427604193e-25
3.081483127566470870e+01 2.527069148333209111e-25
3.102864403388251446e+01 2.523413651138575392e-25
3.124394036003446828e+01 2.519798869935012076e-25
3.146073054805171409e+01 2.516224054259999432e-25
3.167902496329126549e+01 2.512688474379135932e-25
3.189883404303140679e+01 2.509191420537417232e-25
3.212016829697096654e+01 2.505732202561563675e-25
3.234303830773163213e+01 2.502310148985109487e-25
3.256745473136400904e+01 2.498924606605521508e-25
3.279342829785717583e+01 2.495574939852325978e-25
3.302096981165151846e+01 2.492260530305969056e-25
3.325009015215560737e+01 2.488980776006192677e-25
3.348080027426610883e+01 2.485735091118021510e-25
3.371311120889170354e+01 2.482522905309297827e-25
3.394703406348055807e+01 2.479343663311963597e-25
3.418258002255118555e+01 2.476196824422046054e-25
3.441976034822749142e+01 2.473081862090077814e-25
3.465858638077703091e+01 2.469998263448748805e-25
3.489906953915329524e+01 2.466945528898408135e-25
3.514122132154175659e+01 2.463923171695223215e-25
3.538505330590944453e+01 2.460930717582294938e-25
3.563057715055874297e+01 2.457967704360166486e-25
3.587780459468464045e+01 2.455033681550194342e-25
3.612674745893606598e+01 2.452128210042498302e-25
3.637741764598116134e+01 2.449250861712936275e-25
3.662982714107614868e+01 2.446401219129185702e-25
3.688398801263866744e+01 2.443578875209304687e-25
3.713991241282458589e+01 2.440783432903215276e-25
3.739761257810909711e+01 2.438014504921653743e-25
3.765710082987187235e+01 2.435271713396119361e-25
3.791838957498595164e+01 2.432554689644348124e-25
3.818149130641122468e+01 2.429863073874909182e-25
3.844641860379156384e+01 2.427196514906389800e-25
3.871318413405634118e+01 2.424554669964265347e-25
3.898180065202618039e+01 2.421937204376343395e-25
3.925228100102253848e+01 2.419343791376830859e-25
3.952463811348211919e+01 2.416774111859877369e-25
3.979888501157492442e+01 2.414227854149987905e-25
4.007503480782702354e+01 2.411704713802268659e-25
4.035310070574752928e+01 2.409204393384505529e-25
4.063309600045972303e+01 2.406726602283583164e-25
4.091503407933696224e+01 2.404271056503707685e-25
4.119892842264259514e+01 2.401837478479384149e-25
4.148479260417452963e+01 2.399425596900906617e-25
4.177264029191434958e+01 2.397035146527162508e-25
4.206248524868058780e+01 2.394665868034116889e-25
4.235434133278702973e+01 2.392317507824461370e-25
4.264822249870512394e+01 2.389989817894335544e-25
4.294414279773126708e+01 2.387682555665303843e-25
4.324211637865862912e+01 2.385395483834792253e-25
4.354215748845361134e+01 2.383128370244820486e-25
4.384428047293715025e+01 2.380880987729209762e-25
4.414849977747045529e+01 2.378653113987632259e-25
4.445482994764580553e+01 2.376444531454985221e-25
4.476328562998200056e+01 2.374255027171575516e-25
4.507388157262457895e+01 2.372084392667982722e-25
4.538663262605113857e+01 2.369932423837960171e-25
4.570155374378115454e+01 2.367798920838384776e-25
4.601865998309111916e+01 2.365683687965309869e-25
4.633796650573440701e+01 2.363586533561174162e-25
4.665948857866618482e+01 2.361507269895889010e-25
4.698324157477347285e+01 2.359445713085142933e-25
4.730924097361000236e+01 2.357401682982200575e-25
4.763750236213646616e+01 2.355375003085675071e-25
4.796804143546572874e+01 2.353365500459098976e-25
4.830087399761322331e+01 2.351373005630652764e-25
4.863601596225270640e+01 2.349397352516559327e-25
4.897348335347697201e+01 2.347438378340366547e-25
4.931329230656412221e+01 2.345495923551991545e-25
4.965545906874899629e+01 2.343569831748653540e-25
4.999999999999999289e+01 2.341659949608344079e-25
5.034693157380139894e+01 2.339766126809347001e-25
5.069627037794075619e+01 2.337888215970759799e-25
5.104803311530231724e+01 2.336026072577463563e-25
5.140223660466548239e+01 2.334179554921413922e-25
5.175889778150880716e+01 2.332348524037295589e-25
5.211803369882010628e+01 2.330532843637787515e-25
5.247966152791137517e+01 2.328732380063102043e-25
5.284379855924019154e+01 2.326947002217984837e-25
5.321046220323622578e+01 2.325176581520509707e-25
5.357966999113354944e+01 2.323420991845828445e-25
5.395143957580922489e+01 2.321680109479857273e-25
5.432578873262691133e+01 2.319953813062591378e-25
5.470273536028711447e+01 2.318241983549124416e-25
5.508229748168283635e+01 2.316544504153661007e-25
5.546449324476112963e+01 2.314861260313403341e-25
5.584934092339118195e+01 2.313192139639591837e-25
5.623685891823758709e+01 2.311537031875118016e-25
5.662706575764056538e+01 2.309895828859929604e-25
5.701998009850164806e+01 2.308268424484374890e-25
5.741562072717555054e+01 2.306654714656072150e-25
5.781400656036881713e+01 2.305054597261333231e-25
5.821515664604383034e+01 2.303467972129981370e-25
5.861909016432991848e+01 2.301894741000998750e-25
5.902582642844026850e+01 2.300334807489222816e-25
5.943538488559515542e+01 2.298788077053555584e-25
5.984778511795219202e+01 2.297254456964866673e-25
6.026304684354212071e+01 2.295733856277746541e-25
6.068118991721201638e+01 2.294226185800283430e-25
6.110223433157442230e+01 2.292731358066199094e-25
6.152620021796307270e+01 2.291249287307148457e-25
6.195310784739583454e+01 2.289779889427860668e-25
6.238297763154347564e+01 2.288323081980657042e-25
6.281583012370606411e+01 2.286878784139883600e-25
6.325168601979518002e+01 2.285446916679038062e-25
6.369056615932391452e+01 2.284027401948065817e-25
6.413249152640305795e+01 2.282620163851660109e-25
6.457748325074419427e+01 2.281225127826920764e-25
6.502556260867048366e+01 2.279842220824277196e-25
6.547675102413337811e+01 2.278471371286904862e-25
6.593107006973741591e+01 2.277112509130991649e-25
6.638854146777151755e+01 2.275765565729738293e-25
6.684918709124731606e+01 2.274430473892555805e-25
6.731302896494554489e+01 2.273107167850657397e-25
6.778008926646843690e+01 2.271795583238539398e-25
6.825039032730067845e+01 2.270495657079920778e-25
6.872395463387690029e+01 2.269207327771367960e-25
6.920080482865657245e+01 2.267930535067941855e-25
6.968096371120716981e+01 2.266665220068806317e-25
7.016445423929364722e+01 2.265411325204313317e-25
7.065129952997666862e+01 2.264168794222768073e-25
7.114152286071765730e+01 2.262937572177133106e-25
7.163514767049153420e+01 2.261717605414334455e-25
7.213219756090792600e+01 2.260508841562800519e-25
7.263269629733905219e+01 2.259311229521825211e-25
7.313666781005647977e+01 2.258124719450604177e-25
7.364413619537515387e+01 2.256949262759034254e-25
7.415512571680521603e+01 2.255784812096903980e-25
7.466966080621266144e+01 2.254631321345511760e-25
7.518776606498691706e+01 2.253488745608554414e-25
7.570946626521758560e+01 2.252357041203814224e-25
7.623478635087872135e+01 2.251236165654812005e-25
7.676375143902112086e+01 2.250126077684211026e-25
7.729638682097392177e+01 2.249026737205462727e-25
7.783271796355309391e+01 2.247938105316665687e-25
7.837277051027973584e+01 2.246860144294135296e-25
7.891657028260588902e+01 2.245792817585977114e-25
7.946414328114889258e+01 2.244736089806417858e-25
8.001551568693507477e+01 2.243689926730962005e-25
8.057071386265099022e+01 2.242654295290780177e-25
8.112976435390434915e+01 2.241629163568074671e-25
8.169269389049308927e+01 2.240614500792125015e-25
8.225952938768311640e+01 2.239610277334824768e-25
8.283029794749575103e+01 2.238616464707037942e-25
8.340502686000294830e+01 2.237633035555355377e-25
8.398374360463265020e+01 2.236659963658705091e-25
8.456647585148242285e+01 2.235697223926003126e-25
8.515325146264220280e+01 2.234744792393119306e-25
8.574409849352703361e+01 2.233802646221001497e-25
8.633904519421778900e+01 2.232870763693527572e-25
8.693812001081251140e+01 2.231949124216027780e-25
8.754135158678624862e+01 2.231037708313941192e-25
8.814876876436026976e+01 2.230136497631393172e-25
8.876040058588178283e+01 2.229245474930825732e-25
8.937627629521176686e+01 2.228364624092080563e-25
8.999642533912381737e+01 2.227493930112239236e-25
9.062087736871187360e+01 2.226633379105707691e-25
9.124966224080760924e+01 2.225782958304141853e-25
9.188281001940860904e+01 2.224942656057255782e-25
9.252035097711508627e+01 2.224112461833409880e-25
9.316231559657798300e+01 2.223292366220517307e-25
9.380873457195606591e+01 2.222482360927487176e-25
9.445963881038331067e+01 2.221682438785528159e-25
9.511505943344727143e+01 2.220892593750011828e-25
9.577502777867637462e+01 2.220112820902318547e-25
9.643957540103887993e+01 2.219343116452222444e-25
9.710873407445130567e+01 2.218583477740201070e-25
9.778253579329744127e+01 2.217833903240254750e-25
9.846101277395865736e+01 2.217094392562781954e-25
9.914419745635355241e+01 2.216364946457909706e-25
9.983212250548965017e+01 2.215645566818666508e-25
1.005248208130249452e+02 2.214936256684911516e-25
1.012223254988401777e+02 2.214237020247163163e-25
1.019246699126232016e+02 2.213547862850719819e-25
1.026318876354625900e+02 2.212868791000109680e-25
1.033440124814540866e+02 2.212199812363756469e-25
1.040610784993169489e+02 2.211540935778872431e-25
1.047831199740216306e+02 2.210892171256567144e-25
1.055101714284298140e+02 2.210253529987330556e-25
1.062422676249441338e+02 2.209625024346594080e-25
1.069794435671710602e+02 2.209006667900795419e-25
1.077217345015942129e+02 2.208398475413496637e-25
1.084691759192592002e+02 2.207800462851808516e-25
1.092218035574714037e+02 2.207212647393226332e-25
1.099796534015037253e+02 2.206635047432595115e-25
1.107427616863179480e+02 2.206067682589462921e-25
1.115111648982969115e+02 2.205510573715690776e-25
1.122848997769886807e+02 2.204963742903382675e-25
1.130640033168639604e+02 2.204427213493104857e-25
1.138485127690839818e+02 2.203901010082594565e-25
1.146384656432825437e+02 2.203385158535640079e-25
1.154338997093584709e+02 2.202879685991339114e-25
1.162348529992823813e+02 2.202384620873838890e-25
1.170413638089146957e+02 2.201899992902533546e-25
1.178534706998363788e+02 2.201425833102477369e-25
1.186712125011934233e+02 2.200962173815484487e-25
1.194946283115525034e+02 2.200509048711488925e-25
1.203237575007711939e+02 2.200066492800761477e-25
1.211586397118800136e+02 2.199634542446290052e-25
1.219993148629774993e+02 2.199213235377192245e-25
1.228458231491396191e+02 2.198802610702366688e-25
1.236982050443406962e+02 2.198402708925298306e-25
1.245565013033894104e+02 2.198013571959373262e-25
1.254207529638770353e+02 2.197635243144116399e-25
1.262910013481392184e+02 2.197267767262472833e-25
1.271672880652325262e+02 2.196911190559342201e-25
1.280496550129229547e+02 2.196565560760791561e-25
1.289381443796900157e+02 2.196230927095283170e-25
1.298327986467436119e+02 2.195907340315931272e-25
1.307336605900545976e+02 2.195594852724762741e-25
1.316407732824011134e+02 2.195293518198847499e-25
1.325541800954269434e+02 2.195003392218582464e-25
1.334739247017160153e+02 2.194724531898857306e-25
1.344000510768803451e+02 2.194456996022635477e-25
1.353326035016620494e+02 2.194200845078641657e-25
1.362716265640515019e+02 2.193956141302317631e-25
1.372171651614182508e+02 2.193722948721965957e-25
1.381692645026584785e+02 2.193501333209902332e-25
1.391279701103562729e+02 2.193291362540247212e-25
1.400933278229597363e+02 2.193093106454051874e-25
1.410653837969736628e+02 2.192906636733478995e-25
1.420441845091651771e+02 2.192732027286519983e-25
1.430297767587870794e+02 2.192569354244640440e-25
1.440222076698148612e+02 2.192418696075544052e-25
1.450215246931995523e+02 2.192280133714755409e-25
1.460277756091373931e+02 2.192153750719847614e-25
1.470410085293531779e+02 2.192039633452332590e-25
1.480612718994017030e+02 2.191937871293794996e-25
1.490886145009836525e+02 2.191848556904405022e-25
1.501230854542774296e+02 2.191771786534112147e-25
1.511647342202889490e+02 2.191707660400566576e-25
1.522136106032151304e+02 2.191656283150673881e-25
1.532697647528263190e+02 2.191617764429374011e-25
1.543332471668637140e+02 2.191592219586033967e-25
1.554041086934531677e+02 2.191579770559299787e-25
1.564824005335376569e+02 2.191580546995369126e-25
1.575681742433239378e+02 2.191594687674976190e-25
1.586614817367487831e+02 2.191622342352540813e-25
1.597623752879606513e+02 2.191663674152387053e-25
1.608709075338185528e+02 2.191718862727010913e-25
1.619871314764099282e+02 2.191788108472130784e-25
1.631111004855834778e+02 2.191871638228335094e-25
1.642428683015021704e+02 2.191969713108442047e-25
1.653824890372121104e+02 2.192082639417592355e-25
1.665300171812293968e+02 2.192210784160874887e-25
1.676855076001465932e+02 2.192354597503797076e-25
1.688490155412545448e+02 2.192514646024423451e-25
1.700205966351852851e+02 2.192691663170617039e-25
1.712003068985712559e+02 2.192886627992246727e-25
1.723882027367231728e+02 2.193100891972018550e-25
1.735843409463281262e+02 2.193336390995912727e-25
1.747887787181637407e+02 2.193596015170754801e-25
1.760015736398339357e+02 2.193884287712636111e-25
1.772227836985217664e+02 2.194208689990653899e-25
1.784524672837614503e+02 2.194582450248866677e-25
1.796906831902314536e+02 2.195030999328217538e-25
1.809374906205640059e+02 2.195608899441218771e-25
1.821929491881772094e+02 2.196452542207494586e-25
1.834571189201246852e+02 2.197991789885034788e-25
1.847300602599650858e+02 2.202261512898129461e-25
1.860118340706534639e+02 2.235835804200115284e-25
1.873025016374496374e+02 2.330680290960161098e-25
1.886021246708498609e+02 2.205240063270180718e-25
1.899107653095367994e+02 2.199756836039380988e-25
1.912284861233499385e+02 2.198754941334885585e-25
1.925553501162786176e+02 2.198650039986269405e-25
1.938914207294728271e+02 2.198845260461893265e-25
1.952367618442779644e+02 2.199174725475457513e-25
1.965914377852884911e+02 2.199578055296682077e-25
1.979555133234229061e+02 2.200029210851544990e-25
1.993290536790221097e+02 2.200515579675794530e-25
2.007121245249660717e+02 2.201030523260024424e-25
2.021047919898154817e+02 2.201570330946125055e-25
2.035071226609719020e+02 2.202132839391644961e-25
2.049191835878630457e+02 2.202716754144740135e-25
2.063410422851477790e+02 2.203321293764584500e-25
2.077727667359437476e+02 2.203945992814729841e-25
2.092144253950791892e+02 2.204590587763857304e-25
2.106660871923644152e+02 2.205254948310676335e-25
2.121278215358888133e+02 2.205939034654921301e-25
2.135996983153390261e+02 2.206642870132495492e-25
2.150817879053397235e+02 2.207366523240441045e-25
2.165741611688201260e+02 2.208110095562035512e-25
2.180768894604002526e+02 2.208873713492123458e-25
2.195900446298042823e+02 2.209657522465301902e-25
2.211136990252950341e+02 2.210461682864955697e-25
2.226479254971327464e+02 2.211286367082444333e-25
2.241927974010595221e+02 2.212131757375557399e-25
2.257483886018050612e+02 2.212998044291561821e-25
2.273147734766199335e+02 2.213885425493893197e-25
2.288920269188310215e+02 2.214794104881476804e-25
2.304802243414216605e+02 2.215724291922697554e-25
2.320794416806390643e+02 2.216676201148392286e-25
2.336897553996231522e+02 2.217650051763819544e-25
2.353112424920640535e+02 2.218646067350804000e-25
2.369439804858827756e+02 2.219664475638285928e-25
2.385880474469372530e+02 2.220705508325760572e-25
2.402435219827566755e+02 2.221769400947618754e-25
2.419104832462978152e+02 2.222856392769201028e-25
2.435890109397315086e+02 2.223966726708147470e-25
2.452791853182525017e+02 2.225100649275355252e-25
2.469810871939160108e+02 2.226258410531984488e-25
2.486947979395033599e+02 2.227440264058770014e-25
2.504203994924105814e+02 2.228646466935814831e-25
2.521579743585679125e+02 2.229877279730538073e-25
2.539076056163837620e+02 2.231132966492199313e-25
2.556693769207162745e+02 2.232413794752265447e-25
2.574433725068748231e+02 2.233720035528925785e-25
2.592296771946456033e+02 2.235051963335655257e-25
2.610283763923487186e+02 2.236409856192770064e-25
2.628395561009211860e+02 2.237793995641720966e-25
2.646633029180280232e+02 2.239204666761568100e-25
2.664997040422045984e+02 2.240642158187333854e-25
2.683488472770237649e+02 2.242106762130003711e-25
2.702108210352957371e+02 2.243598774398094742e-25
2.720857143432946259e+02 2.245118494420278356e-25
2.739736168450143055e+02 2.246666225269476100e-25
2.758746188064563967e+02 2.248242273687588663e-25
2.777888111199438299e+02 2.249846950111674500e-25
2.797162853084688550e+02 2.251480568700795186e-25
2.816571335300678243e+02 2.253143447364010550e-25
2.836114485822271263e+02 2.254835907789279760e-25
2.855793239063216902e+02 2.256558275473528271e-25
2.875608535920806617e+02 2.258310879753760307e-25
2.895561323820878670e+02 2.260094053839605825e-25
2.915652556763112102e+02 2.261908134847170619e-25
2.935883195366627092e+02 2.263753463834922872e-25
2.956254206915940017e+02 2.265630385841190056e-25
2.976766565407184544e+02 2.267539249924604196e-25
2.997421251594703904e+02 2.269480409207099712e-25
3.018219253037934777e+02 2.271454220920851460e-25
3.039161564148614616e+02 2.273461046459633731e-25
3.060249186238351058e+02 2.275501251436014940e-25
3.081483127566470444e+02 2.277575205745578646e-25
3.102864403388250025e+02 2.279683283640541645e-25
3.124394036003446899e+02 2.281825863815115518e-25
3.146073054805171409e+02 2.284003329506399406e-25
3.167902496329126620e+02 2.286216068615502762e-25
3.189883404303140537e+02 2.288464473855777488e-25
3.212016829697095091e+02 2.290748942937238759e-25
3.234303830773163213e+02 2.293069878800674832e-25
3.256745473136401188e+02 2.295427689919936430e-25
3.279342829785717299e+02 2.297822790700340713e-25
3.302096981165151988e+02 2.300255602013755384e-25
3.325009015215558748e+02 2.302726551932553945e-25
3.348080027426610741e+02 2.305236076758072694e-25
3.371311120889170638e+02 2.307784622495847410e-25
3.394703406348055523e+02 2.310372647025749957e-25
3.418258002255118981e+02 2.313000623384511710e-25
3.441976034822747579e+02 2.315669044888165195e-25
3.465858638077702949e+02 2.318378433414824316e-25
3.489906953915329382e+02 2.321129353358287654e-25
3.514122132154175802e+02 2.323922436295961902e-25
3.538505330590944027e+02 2.326758427188155999e-25
3.563057715055872450e+02 2.329638277224786656e-25
3.587780459468463619e+02 2.332563347688603506e-25
3.612674745893606314e+02 2.335535912062826070e-25
3.637741764598115992e+02 2.338560601605568228e-25
3.662982714107614584e+02 2.341649628340916608e-25
3.688398801263868449e+02 2.344850142924756164e-25
3.713991241282458873e+02 2.348559270824365066e-25
3.739761257810910138e+02 2.395153394013397798e-25
3.765710082987187093e+02 2.354456725741245113e-25
3.791838957498594596e+02 2.357504748501996407e-25
3.818149130641124316e+02 2.360792648135957631e-25
3.844641860379156242e+02 2.364155593952538390e-25
3.871318413405634260e+02 2.367573815541705027e-25
3.898180065202618039e+02 2.371043181476407150e-25
3.925228100102253848e+02 2.374562780137222647e-25
3.952463811348213767e+02 2.378132614083184352e-25
3.979888501157492442e+02 2.381753002944293271e-25
4.007503480782701786e+02 2.385424393211356803e-25
4.035310070574753354e+02 2.389147288407792922e-25
4.063309600045972161e+02 2.392922220691720823e-25
4.091503407933698213e+02 2.396749738398440043e-25
4.119892842264259230e+02 2.400630400262400489e-25
4.148479260417452679e+02 2.404564772629913386e-25
4.177264029191435384e+02 2.408553428082844386e-25
4.206248524868058780e+02 2.412596944755650431e-25
4.235434133278704962e+02 2.416695906003780598e-25
4.264822249870512110e+02 2.420850900254320824e-25
4.294414279773124008e+02 2.425062520951820600e-25
4.324211637865862485e+02 2.429331366554546545e-25
4.354215748845361418e+02 2.433658040556708435e-25
4.384428047293717441e+02 2.438043151523849384e-25
4.414849977747045386e+02 2.442487313134468906e-25
4.445482994764578280e+02 2.446991144224288089e-25
4.476328562998199914e+02 2.451555268831326122e-25
4.507388157262458321e+02 2.456180316240908877e-25
4.538663262605115847e+02 2.460866921031009010e-25
4.570155374378115312e+02 2.465615723117014388e-25
4.601865998309110068e+02 2.470427367797866701e-25
4.633796650573440843e+02 2.475302505802876904e-25
4.665948857866619051e+02 2.480241793340948580e-25
4.698324157477349559e+02 2.485245892152878719e-25
4.730924097361000236e+02 2.490315469568201131e-25
4.763750236213644484e+02 2.495451198568600694e-25
4.796804143546572732e+02 2.500653757859918814e-25
4.830087399761322331e+02 2.505923831956208154e-25
4.863601596225273056e+02 2.511262111280395363e-25
4.897348335347697343e+02 2.516669292287678592e-25
4.931329230656409663e+02 2.522146077620689075e-25
4.965545906874899629e+02 2.527693176310202661e-25
4.999999999999999432e+02 2.533311304040593982e-25
5.034693157380134494e+02 2.539001183511262861e-25
5.069627037794076045e+02 2.544763544941876013e-25
5.104803311530232008e+02 2.550599126799079240e-25
5.140223660466548381e+02 2.556508676874625487e-25
5.175889778150880147e+02 2.562492953938718669e-25
5.211803369882004517e+02 2.568552730372679748e-25
5.247966152791137802e+02 2.574688796542788562e-25
5.284379855924019012e+02 2.580901968438309078e-25
5.321046220323622720e+02 2.587193101827340625e-25
5.357966999113355087e+02 2.593563120479877519e-25
5.395143957580917231e+02 2.600013077893888023e-25
5.432578873262691559e+02 2.606544309791172520e-25
5.470273536028711305e+02 2.613158880419189521e-25
5.508229748168283777e+02 2.619861269300448008e-25
5.546449324476112679e+02 2.626668350075460083e-25
5.584934092339112794e+02 2.633800959399543342e-25
5.623685891823758993e+02 2.640508651279918186e-25
5.662706575764057106e+02 2.647392238805992916e-25
5.701998009850165090e+02 2.654503822702550661e-25
5.741562072717555338e+02 2.661703482005182014e-25
5.781400656036876171e+02 2.668989525728562179e-25
5.821515664604382891e+02 2.676362977340347026e-25
5.861909016432991848e+02 2.683824920535962409e-25
5.902582642844026850e+02 2.691376367688913358e-25
5.943538488559515827e+02 2.699018281284211297e-25
5.984778511795212808e+02 2.706751595742008438e-25
6.026304684354212213e+02 2.714577230944037454e-25
6.068118991721202065e+02 2.722496100202092531e-25
6.110223433157442514e+02 2.730509115022808477e-25
6.152620021796307128e+02 2.738617188046993526e-25
6.195310784739577912e+02 2.746821234929004659e-25
6.238297763154347422e+02 2.755122175583086153e-25
6.281583012370599590e+02 2.763520935042252788e-25
6.325168601979518144e+02 2.772018444074183232e-25
6.369056615932391878e+02 2.780615639642133205e-25
6.413249152640298689e+02 2.789313465266568517e-25
6.457748325074419427e+02 2.798112871323940830e-25
6.502556260867041829e+02 2.807014815307574395e-25
6.547675102413337527e+02 2.816020262069974012e-25
6.593107006973741591e+02 2.825130184062106543e-25
6.638854146777144933e+02 2.834345561585162879e-25
6.684918709124732459e+02 2.843667383072338164e-25
6.731302896494547667e+02 2.853096645423395402e-25
6.778008926646843975e+02 2.862634354425242638e-25
6.825039032730068129e+02 2.872281525309525947e-25
6.872395463387682639e+02 2.882039183531348070e-25
6.920080482865656677e+02 2.891908365913471650e-25
6.968096371120709591e+02 2.901890122415317470e-25
7.016445423929365006e+02 2.911985519019886283e-25
7.065129952997667715e+02 2.922195642728010030e-25
7.114152286071758908e+02 2.932521610797923859e-25
7.163514767049153988e+02 2.942964589259489961e-25
7.213219756090785495e+02 2.953525833921830434e-25
7.263269629733905504e+02 2.964206794056534580e-25
7.313666781005648545e+02 2.975009428594240652e-25
7.364413619537507429e+02 2.985937500844961853e-25
7.415512571680520750e+02 2.997005942935902593e-25
7.466966080621258470e+02 3.009251116574440418e-25
7.518776606498690853e+02 3.019372764343338352e-25
7.570946626521758844e+02 3.030802871434727823e-25
7.623478635087872135e+02 3.042351175856091916e-25
7.676375143902112086e+02 3.054024330132836452e-25
7.729638682097383935e+02 3.065825221204851368e-25
7.783271796355309107e+02 3.077755667964729656e-25
7.837277051027973584e+02 3.089817150515713022e-25
7.891657028260589186e+02 3.102011023523189681e-25
7.946414328114889258e+02 3.114339352896468694e-25
8.001551568693499803e+02 3.126801090186062333e-25
8.057071386265098454e+02 3.139399834415891122e-25
8.112976435390434062e+02 3.152136084001263254e-25
8.169269389049309211e+02 3.165011113220946787e-25
8.225952938768310787e+02 3.178026205976748268e-25
8.283029794749566008e+02 3.191182655954497134e-25
8.340502686000294261e+02 3.204481767685602527e-25
8.398374360463265020e+02 3.217924857465147896e-25
8.456647585148242570e+02 3.231513254162403997e-25
8.515325146264220848e+02 3.245248300007703432e-25
8.574409849352695119e+02 3.259131351442507198e-25
8.633904519421778332e+02 3.273163780142415377e-25
8.693812001081250855e+02 3.287346974377607617e-25
8.754135158678624293e+02 3.301682340998669563e-25
8.814876876436027260e+02 3.316171308597447118e-25
8.876040058588170041e+02 3.330815332987738340e-25
8.937627629521176686e+02 3.345615907595771328e-25
8.999642533912381168e+02 3.360574585262007483e-25
9.062087736871186507e+02 3.375693030066243696e-25
9.124966224080760639e+02 3.390973162976029492e-25
9.188281001940850956e+02 3.406417687236744801e-25
9.252035097711509479e+02 3.422033034441055654e-25
9.316231559657798016e+02 3.437887813003763171e-25
9.380873457195606306e+02 3.453665755709047279e-25
9.445963881038330783e+02 3.469795991662924592e-25
9.511505943344717480e+02 3.486077574502605911e-25
9.577502777867638315e+02 3.502526913238424861e-25
9.643957540103887141e+02 3.519148070686365829e-25
9.710873407445130852e+02 3.535943431650990167e-25
9.778253579329743843e+02 3.552914960153687628e-25
9.846101277395855504e+02 3.570064484491890844e-25
9.914419745635356094e+02 3.587393787087665995e-25
9.983212250548965585e+02 3.604904639334646360e-25
1.005248208130249395e+03 3.622598817313308134e-25
1.012223254988401777e+03 3.640478109819298833e-25
1.019246699126230965e+03 3.658544322977827975e-25
1.026318876354625900e+03 3.676799283252379764e-25
1.033440124814540923e+03 3.695244839712492408e-25
1.040610784993169545e+03 3.713882866053232156e-25
1.047831199740216334e+03 3.732715262742029395e-25
1.055101714284297032e+03 3.751743959730906413e-25
1.062422676249441338e+03 3.770970920457378946e-25
1.069794435671710517e+03 3.790398148614928034e-25
1.077217345015942101e+03 3.810027701182666135e-25
1.084691759192592144e+03 3.829861717090281145e-25
1.092218035574712985e+03 3.849902491114451943e-25
1.099796534015037196e+03 3.870152710166990525e-25
1.107427616863179537e+03 3.890616519095297667e-25
1.115111648982969200e+03 3.911309631395763446e-25
1.122848997769886864e+03 3.932070891515396437e-25
1.130640033168638411e+03 3.953237434377949254e-25
1.138485127690839818e+03 3.974567673211755202e-25
1.146384656432824158e+03 3.996113883010247553e-25
1.154338997093584794e+03 4.017882169214017506e-25
1.162348529992823842e+03 4.039875811574037317e-25
1.170413638089145707e+03 4.062097533179556484e-25
1.178534706998363845e+03 4.084549907919775613e-25
1.186712125011933040e+03 4.107235474491549628e-25
1.194946283115524921e+03 4.130156777731438248e-25
1.203237575007711939e+03 4.153316386735980799e-25
1.211586397118798914e+03 4.176716904290986135e-25
1.219993148629774851e+03 4.200360972783549691e-25
1.228458231491394827e+03 4.224251278833054908e-25
1.236982050443406933e+03 4.248390557965794214e-25
1.245565013033894047e+03 4.272781600691586059e-25
1.254207529638769074e+03 4.297427262371052649e-25
1.262910013481392070e+03 4.322330482631137083e-25
1.271672880652324011e+03 4.347494331289428691e-25
1.280496550129229490e+03 4.372922142620566845e-25
1.289381443796900385e+03 4.398618045734619460e-25
1.298327986467434812e+03 4.424590634842554512e-25
1.307336605900545919e+03 4.451848636032320090e-25
1.316407732824009827e+03 4.477289032579653107e-25
1.325541800954269320e+03 4.504088806818019553e-25
1.334739247017160324e+03 4.531163140555196716e-25
1.344000510768802087e+03 4.558521122246633696e-25
1.353326035016620381e+03 4.586167327599179377e-25
1.362716265640513711e+03 4.614105641008232420e-25
1.372171651614182565e+03 4.642339800741584063e-25
1.381692645026584842e+03 4.670873536771355284e-25
1.391279701103562729e+03 4.699710618549535635e-25
1.400933278229597590e+03 4.728854876160488894e-25
1.410653837969735150e+03 4.758310212381384588e-25
1.420441845091651885e+03 4.788080612015857327e-25
1.430297767587870794e+03 4.818170152124380054e-25
1.440222076698148840e+03 4.848583017643048298e-25
1.450215246931995580e+03 4.879323532937425548e-25
1.460277756091372339e+03 4.910396243944709114e-25
1.470410085293531665e+03 4.941806204055831533e-25
1.480612718994017087e+03 4.973560542601560298e-25
1.490886145009836582e+03 5.005699097462829890e-25
1.501230854542774523e+03 5.038053721839960248e-25
1.511647342202888012e+03 5.070868476787681753e-25
1.522136106032151247e+03 5.104030163125449370e-25
1.532697647528263133e+03 5.137554143462315150e-25
1.543332471668637027e+03 5.171447066956375273e-25
1.554041086934531677e+03 5.205714648847240258e-25
1.564824005335374977e+03 5.240362465927699821e-25
1.575681742433239378e+03 5.275396134507856344e-25
1.586614817367487831e+03 5.310821369562772585e-25
1.597623752879606627e+03 5.346644012072550003e-25
1.608709075338185585e+03 5.382870047467119901e-25
1.619871314764097406e+03 5.419505625047940163e-25
1.631111004855834835e+03 5.456557089518760533e-25
1.642428683015021534e+03 5.494031054820915205e-25
1.653824890372120990e+03 5.531934649058322910e-25
1.665300171812294138e+03 5.570276818863099015e-25
1.676855076001464113e+03 5.609091814740366726e-25
1.688490155412545391e+03 5.648245644104665668e-25
1.700205966351852794e+03 5.687946702974017696e-25
1.712003068985712616e+03 5.728099954235713296e-25
1.723882027367231785e+03 5.768722936496847188e-25
1.735843409463279386e+03 5.809824929982313405e-25
1.747887787181637350e+03 5.851414461393024167e-25
1.760015736398339186e+03 5.893500045816357402e-25
1.772227836985217436e+03 5.936090355174252937e-25
1.784524672837614617e+03 5.979194279173205291e-25
1.796906831902312661e+03 6.022820960464353063e-25
1.809374906205639945e+03 6.066979829807991116e-25
1.821929491881772037e+03 6.111680666848272370e-25
1.834571189201246852e+03 6.156933768327923363e-25
1.847300602599651029e+03 6.202750707138142355e-25
1.860118340706532763e+03 6.249152828129437536e-25
1.873025016374496317e+03 6.296058820035288030e-25
1.886021246708498438e+03 6.343647057056311328e-25
1.899107653095367823e+03 6.391819987994603419e-25
1.912284861233499214e+03 6.440607924835817260e-25
1.925553501162784187e+03 6.490024858958356524e-25
1.938914207294728385e+03 6.540083873860851619e-25
1.952367618442779758e+03 6.590798172737498379e-25
1.965914377852884854e+03 6.642181291891720682e-25
1.979555133234229061e+03 6.694247181354449320e-25
1.993290536790218994e+03 6.747010262147030743e-25
2.007121245249660660e+03 6.800485507752559424e-25
2.021047919898152713e+03 6.854688661474751146e-25
2.035071226609719133e+03 6.909637315427434727e-25
2.049191835878630627e+03 6.965370021283751551e-25
2.063410422851475687e+03 7.021788725465632835e-25
2.077727667359437419e+03 7.079074838595008756e-25
2.092144253950789789e+03 7.137162715383036365e-25
2.106660871923644208e+03 7.196079080601190302e-25
2.121278215358888247e+03 7.255844364224046994e-25
2.135996983153388101e+03 7.316478872372396170e-25
2.150817879053397064e+03 7.378003417187899459e-25
2.165741611688199100e+03 7.440439483260557703e-25
2.180768894604002526e+03 7.503809321691235348e-25
2.195900446298042880e+03 7.568136076547601325e-25
2.211136990252948181e+03 7.633444165316011878e-25
2.226479254971327464e+03 7.699761906152977014e-25
2.241927974010592607e+03 7.766923936304548519e-25
2.257483886018050725e+03 7.835473699085242610e-25
2.273147734766199392e+03 7.904959969173183661e-25
2.288920269188307884e+03 7.975554217452793429e-25
2.304802243414216719e+03 8.047288289437645662e-25
2.320794416806388199e+03 8.120192874595790988e-25
2.336897553996231636e+03 8.194299310766195297e-25
2.353112424920640478e+03 8.269639890514179211e-25
2.369439804858825028e+03 8.346247989523771931e-25
2.385880474469372530e+03 8.424158243647949277e-25
2.402435219827564197e+03 8.503407270106846866e-25
2.419104832462978266e+03 8.584043079161609219e-25
2.435890109397314973e+03 8.666025072659494822e-25
2.452791853182522573e+03 8.749519873718233937e-25
2.469810871939159824e+03 8.834491574121209103e-25
2.486947979395030870e+03 8.920991212200689120e-25
2.504203994924105700e+03 9.009061566840637603e-25
2.521579743585678898e+03 9.098745445580299259e-25
2.539076056163837620e+03 9.190086268721837242e-25
2.556693769207162859e+03 9.283128133565234807e-25
2.574433725068745844e+03 9.377915900693939177e-25
2.592296771946456374e+03 9.474496240632010123e-25
2.610283763923487186e+03 9.572957990995859897e-25
2.628395561009212088e+03 9.673172951731143600e-25
2.646633029180280118e+03 9.775393407405151038e-25
2.664997040422043483e+03 9.879574403271419608e-25
2.683488472770237877e+03 9.985761658604041141e-25
2.702108210352957030e+03 1.009399517508429593e-24
2.720857143432946032e+03 1.020431159258738436e-24
2.739736168450142941e+03 1.031674372907245767e-24
2.758746188064561011e+03 1.043131982532381313e-24
2.777888111199438299e+03 1.054806361258631348e-24
2.797162853084688322e+03 1.066704560503170450e-24
2.816571335300678584e+03 1.078806231614545842e-24
2.836114485822271490e+03 1.091134939487675150e-24
2.855793239063214060e+03 1.103678942760593228e-24
2.875608535920806389e+03 1.116434992806600903e-24
2.895561323820878897e+03 1.129397577889577828e-24
2.915652556763111988e+03 1.142569942731495062e-24
2.935883195366627206e+03 1.155930760638868483e-24
2.956254206915937175e+03 1.169465647649741982e-24
2.976766565407184771e+03 1.183157988453103312e-24
2.997421251594703790e+03 1.196978667119610763e-24
3.018219253037934777e+03 1.210911659135400590e-24
3.039161564148614616e+03 1.224917259475750041e-24
3.060249186238348102e+03 1.238956318493211596e-24
3.081483127566470557e+03 1.252981177399743849e-24
3.102864403388249684e+03 1.266935347467352328e-24
3.124394036003446672e+03 1.280752533252368799e-24
3.146073054805171523e+03 1.294355688710049475e-24
3.167902496329123551e+03 1.307658927067074266e-24
3.189883404303140651e+03 1.320547143734113319e-24
3.212016829697095091e+03 1.332921343409015437e-24
3.234303830773163099e+03 1.344645019674150355e-24
3.256745473136400960e+03 1.355575371561456590e-24
3.279342829785714002e+03 1.365556007862044410e-24
3.302096981165152101e+03 1.374418660148798281e-24
3.325009015215558520e+03 1.381985624926447392e-24
3.348080027426610741e+03 1.388074018645235744e-24
3.371311120889170525e+03 1.392492359111051214e-24
3.394703406348052340e+03 1.395070072691021031e-24
3.418258002255118754e+03 1.395632387082536049e-24
3.441976034822747806e+03 1.394030919776093927e-24
3.465858638077703290e+03 1.390145102219840803e-24
3.489906953915329723e+03 1.383891539413538996e-24
3.514122132154172050e+03 1.375232227694320914e-24
3.538505330590944141e+03 1.364182982588098564e-24
3.563057715055871995e+03 1.350805574045055909e-24
3.587780459468463505e+03 1.335240068332232504e-24
3.612674745893606541e+03 1.317666883726231121e-24
3.637741764598112240e+03 1.298324356204701847e-24
3.662982714107614811e+03 1.277495163867794847e-24
3.688398801263864698e+03 1.255496571815240211e-24
3.713991241282458759e+03 1.232669049514897128e-24
3.739761257810910138e+03 1.209359315441625736e-24
3.765710082987183341e+03 1.185924223989677788e-24
3.791838957498594937e+03 1.162694370261154403e-24
3.818149130641120337e+03 1.139984768192741485e-24
3.844641860379156242e+03 1.118079536992203738e-24
3.871318413405634146e+03 1.097227510206451185e-24
3.898180065202614060e+03 1.077639205706946017e-24
3.925228100102254302e+03 1.059481884862356505e-24
3.952463811348209674e+03 1.042893087513632590e-24
3.979888501157492556e+03 1.027961035771225743e-24
4.007503480782701899e+03 1.014744893484244154e-24
4.035310070574748806e+03 1.003271293734533767e-24
4.063309600045972275e+03 9.935392301008793181e-25
4.091503407933694234e+03 9.855246781442253158e-25
4.119892842264259343e+03 9.791807599893577072e-25
4.148479260417452679e+03 9.744529276147485721e-25
4.177264029191431291e+03 9.712679311662553324e-25
4.206248524868058666e+03 9.695471788954743347e-25
4.235434133278700756e+03 9.692066507543471744e-25
4.264822249870511769e+03 9.701597810078249602e-25
4.294414279773124690e+03 9.723162895539372228e-25
4.324211637865858393e+03 9.755975665676071607e-25
4.354215748845361304e+03 9.799139208927550388e-25
4.384428047293712552e+03 9.851870679055321602e-25
4.414849977747045159e+03 9.913414269557643622e-25
4.445482994764578507e+03 9.983061529410668622e-25
4.476328562998200141e+03 1.006004151292899593e-24
4.507388157262457753e+03 1.014406375604589700e-24
4.538663262605111413e+03 1.023426105258537619e-24
4.570155374378115084e+03 1.033022156097388802e-24
4.601865998309110182e+03 1.043148327346032551e-24
4.633796650573441184e+03 1.053762910643743927e-24
4.665948857866618710e+03 1.064825189863291802e-24
4.698324157477344670e+03 1.076309055550251551e-24
4.730924097361000349e+03 1.088177801340913505e-24
4.763750236213644712e+03 1.100406426672351121e-24
4.796804143546572959e+03 1.112971294110009220e-24
4.830087399761322558e+03 1.125851776577876599e-24
4.863601596225267713e+03 1.139027390689323297e-24
4.897348335347696775e+03 1.152485610294860931e-24
4.931329230656409891e+03 1.166210355172658734e-24
4.965545906874899629e+03 1.180189921554871343e-24
4.999999999999999091e+03 1.194414146575076296e-24
